avenida,total_negocios,otro,bar_antro,gym,restaurante,cafeteria,lavanderia,escolaridad,internet,poblacion_joven,prod_bruta,nse_score,flujo_comercial
PABLO VALDEZ,449,364,33,1,48,3,0,0.0,52.870758,31.1,0.0,26.435379,22.161895360315896
AMADO NERVO,70,64,1,0,4,1,0,0.0,52.870758,31.1,0.0,26.435379,3.4550839091806513
CAMINO A LOS DESMONTES,1,1,0,0,0,0,0,0.0,52.870758,31.1,0.0,26.435379,0.04935834155972359
JESUS GARCIA,360,305,20,0,33,2,0,0.0,52.870758,31.1,0.0,26.435379,17.769002961500494
PASEO DEL HOSPICIO,135,129,1,0,4,1,0,0.0,52.870758,31.1,0.0,26.435379,6.663376110562686
COYUL,67,57,7,0,3,0,0,0.0,52.870758,31.1,0.0,26.435379,3.3070088845014807
PENINSULA,54,42,3,0,7,2,0,0.0,52.870758,31.1,0.0,26.435379,2.665350444225074
NINOS HEROES,553,525,7,0,20,1,0,0.0,52.870758,31.1,0.0,26.435379,27.295162882527148
MEXICO,683,615,6,1,52,9,0,0.0,52.870758,31.1,0.0,26.435379,33.71174728529122
JESUS REYES HEROLES,236,198,16,1,20,1,0,0.0,52.870758,31.1,0.0,26.435379,11.648568608094768
JUAN MANUEL,285,257,9,0,15,4,0,0.0,52.870758,31.1,0.0,26.435379,14.067127344521225
AVENIDA CHAPALITA,1,1,0,0,0,0,0,0.0,52.870758,31.1,0.0,26.435379,0.04935834155972359
VIDRIO,192,156,7,1,22,6,0,0.0,52.870758,31.1,0.0,26.435379,9.47680157946693
NEBULOSA,22,20,1,0,1,0,0,0.0,52.870758,31.1,0.0,26.435379,1.085883514313919
CORDOBA,19,16,0,0,2,1,0,0.0,52.870758,31.1,0.0,26.435379,0.9378084896347483
GRANADILLA,29,27,2,0,0,0,0,0.0,52.870758,31.1,0.0,26.435379,1.4313919052319843
HIDALGO,1176,1062,14,1,84,15,0,0.0,52.870758,31.1,0.0,26.435379,58.045409674234946
HUMBOLDT,37,24,4,0,9,0,0,0.0,52.870758,31.1,0.0,26.435379,1.826258637709773
GREGORIO ALMADA,29,25,3,0,1,0,0,0.0,52.870758,31.1,0.0,26.435379,1.4313919052319843
CRISTOBAL COLON,375,353,4,0,17,1,0,0.0,52.870758,31.1,0.0,26.435379,18.509378084896348
RICARDO FLORES MAGON ORIENTE,22,18,0,0,4,0,0,0.0,52.870758,31.1,0.0,26.435379,1.085883514313919
HUMBOLT,1,1,0,0,0,0,0,0.0,52.870758,31.1,0.0,26.435379,0.04935834155972359
VALLARTA,231,209,2,0,15,5,0,0.0,52.870758,31.1,0.0,26.435379,11.40177690029615
VENTURA ANAYA,88,70,10,0,6,2,0,0.0,52.870758,31.1,0.0,26.435379,4.343534057255676
BRASILIA,7,7,0,0,0,0,0,0.0,52.870758,31.1,0.0,26.435379,0.3455083909180652
ALEMANIA,97,92,1,0,3,1,0,0.0,52.870758,31.1,0.0,26.435379,4.787759131293188
LAS VEGAS,3,3,0,0,0,0,0,0.0,52.870758,31.1,0.0,26.435379,0.14807502467917077
VENEZUELA,32,25,0,0,5,2,0,0.0,52.870758,31.1,0.0,26.435379,1.5794669299111548
GENERAL EULOGIO PARRA,335,278,18,0,32,7,0,0.0,52.870758,31.1,0.0,26.435379,16.535044422507404
MARCELINO GARCIA BARRAGAN,316,258,3,0,42,13,0,0.0,52.870758,31.1,0.0,26.435379,15.597235932872655
RIO LAS CANAS,5,4,0,0,1,0,0,0.0,52.870758,31.1,0.0,26.435379,0.24679170779861795
RAMON ALDAMA DEL PUERTO,7,6,1,0,0,0,0,0.0,52.870758,31.1,0.0,26.435379,0.3455083909180652
16 DE SEPTIEMBRE,449,437,3,1,6,2,0,0.0,52.870758,31.1,0.0,26.435379,22.161895360315896
FELIX PALAVICINI,61,46,3,1,11,0,0,0.0,52.870758,31.1,0.0,26.435379,3.0108588351431393
GUADALUPE VICTORIA,55,43,7,0,4,1,0,0.0,52.870758,31.1,0.0,26.435379,2.7147087857847976
CUITLAHUAC,63,48,4,0,7,4,0,0.0,52.870758,31.1,0.0,26.435379,3.1095755182625866
SANTO TOMAS,88,66,11,0,11,0,0,0.0,52.870758,31.1,0.0,26.435379,4.343534057255676
PASEO DE LA ARBOLEDA,312,278,4,2,22,6,0,0.0,52.870758,31.1,0.0,26.435379,15.399802566633761
BEATRIZ HERNANDEZ,10,9,1,0,0,0,0,0.0,52.870758,31.1,0.0,26.435379,0.4935834155972359
JOSE MARIA VIGIL,208,182,9,1,14,2,0,0.0,52.870758,31.1,0.0,26.435379,10.266535044422508
ADRIAN PUGA,215,183,16,1,14,1,0,0.0,52.870758,31.1,0.0,26.435379,10.612043435340572
FRANCISCO SARABIA,219,165,17,1,30,6,0,0.0,52.870758,31.1,0.0,26.435379,10.809476801579466
NORMALISTAS,74,66,3,0,4,1,0,0.0,52.870758,31.1,0.0,26.435379,3.652517275419546
LOPEZ MATEOS SUR,74,69,0,0,3,2,0,0.0,52.870758,31.1,0.0,26.435379,3.652517275419546
GOBERNADOR LUIS G. CURIEL,240,213,7,0,20,0,0,0.0,52.870758,31.1,0.0,26.435379,11.846001974333662
JUAN DE LA BARRERA,29,24,1,0,4,0,0,0.0,52.870758,31.1,0.0,26.435379,1.4313919052319843
ALSACIA,2,2,0,0,0,0,0,0.0,52.870758,31.1,0.0,26.435379,0.09871668311944717
HACIENDA EL JARAL,4,3,0,1,0,0,0,0.0,52.870758,31.1,0.0,26.435379,0.19743336623889435
SAN ANDRES,73,61,5,0,6,1,0,0.0,52.870758,31.1,0.0,26.435379,3.603158933859822
OBLATOS,307,268,5,0,30,4,0,0.0,52.870758,31.1,0.0,26.435379,15.153010858835142
PARAGUAY,17,12,2,0,3,0,0,0.0,52.870758,31.1,0.0,26.435379,0.839091806515301
CALZADA DEL FEDERALISMO NORTE,342,317,11,0,11,3,0,0.0,52.870758,31.1,0.0,26.435379,16.88055281342547
ISLA BANKS,1,1,0,0,0,0,0,0.0,52.870758,31.1,0.0,26.435379,0.04935834155972359
MERCEDES CELIS,178,148,10,0,18,2,0,0.0,52.870758,31.1,0.0,26.435379,8.7857847976308
DOCTOR R. MICHEL,181,169,4,0,6,2,0,0.0,52.870758,31.1,0.0,26.435379,8.933859822309971
PATRIA,534,449,25,0,55,5,0,0.0,52.870758,31.1,0.0,26.435379,26.3573543928924
3,78,73,1,0,4,0,0,0.0,52.870758,31.1,0.0,26.435379,3.8499506416584404
SOTO Y GAMA,197,154,8,0,32,3,0,0.0,52.870758,31.1,0.0,26.435379,9.723593287265548
ISABEL LA CATOLICA,27,27,0,0,0,0,0,0.0,52.870758,31.1,0.0,26.435379,1.332675222112537
CHAPULTEPEC NORTE,96,90,2,0,3,1,0,0.0,52.870758,31.1,0.0,26.435379,4.738400789733465
PABLO NERUDA,224,205,3,0,12,4,0,0.0,52.870758,31.1,0.0,26.435379,11.056268509378086
ESPIRITU SANTO,4,4,0,0,0,0,0,0.0,52.870758,31.1,0.0,26.435379,0.19743336623889435
SAN JUAN DE LOS LAGOS,22,22,0,0,0,0,0,0.0,52.870758,31.1,0.0,26.435379,1.085883514313919
RAFAEL AGUIRRE,58,44,7,0,5,2,0,0.0,52.870758,31.1,0.0,26.435379,2.8627838104639687
2,74,65,5,0,3,1,0,0.0,52.870758,31.1,0.0,26.435379,3.652517275419546
FRAY ANDRES DE URDANETA,112,87,6,0,15,4,0,0.0,52.870758,31.1,0.0,26.435379,5.528134254689043
RIO NIGER,3,3,0,0,0,0,0,0.0,52.870758,31.1,0.0,26.435379,0.14807502467917077
ENRIQUE DIAZ DE LEON SUR,148,118,4,0,23,3,0,0.0,52.870758,31.1,0.0,26.435379,7.305034550839092
CASTELLANOS Y TAPIA,109,89,7,0,11,2,0,0.0,52.870758,31.1,0.0,26.435379,5.380059230009872
GENERAL CORONADO,49,42,3,0,4,0,0,0.0,52.870758,31.1,0.0,26.435379,2.4185587364264562
LA LUNA,26,26,0,0,0,0,0,0.0,52.870758,31.1,0.0,26.435379,1.2833168805528135
RUISENOR,71,54,9,0,5,3,0,0.0,52.870758,31.1,0.0,26.435379,3.504442250740375
PERIFERICO NORTE MANUEL GOMEZ MORIN,109,92,5,0,11,1,0,0.0,52.870758,31.1,0.0,26.435379,5.380059230009872
PAVO,149,140,5,0,3,1,0,0.0,52.870758,31.1,0.0,26.435379,7.354392892398816
MORELOS,443,361,22,0,44,16,0,0.0,52.870758,31.1,0.0,26.435379,21.86574531095755
AVENIDA DE LOS MAESTROS,144,100,9,0,32,3,0,0.0,52.870758,31.1,0.0,26.435379,7.107601184600197
ARGENSOLA,6,6,0,0,0,0,0,0.0,52.870758,31.1,0.0,26.435379,0.29615004935834155
R?O DE JANEIRO,4,4,0,0,0,0,0,0.0,52.870758,31.1,0.0,26.435379,0.19743336623889435
HACIENDA TETLAN,13,9,3,0,1,0,0,0.0,52.870758,31.1,0.0,26.435379,0.6416584402764067
AURELIO L. GALLARDO,76,75,0,0,1,0,0,0.0,52.870758,31.1,0.0,26.435379,3.751233958538993
ISLA PANTENARIA,51,43,3,0,5,0,0,0.0,52.870758,31.1,0.0,26.435379,2.5172754195459035
IGNACIO L. VALLARTA,363,334,4,0,21,4,0,0.0,52.870758,31.1,0.0,26.435379,17.917077986179663
MONTEVIDEO,71,64,3,0,2,2,0,0.0,52.870758,31.1,0.0,26.435379,3.504442250740375
APOLONIO M. AVILES,57,47,7,0,2,1,0,0.0,52.870758,31.1,0.0,26.435379,2.813425468904245
JUSTO SIERRA,304,276,6,0,20,2,0,0.0,52.870758,31.1,0.0,26.435379,15.004935834155972
JOAQUIN ANGULO,371,287,18,0,56,10,0,0.0,52.870758,31.1,0.0,26.435379,18.311944718657454
BENIGNO CANTO,7,6,0,0,1,0,0,0.0,52.870758,31.1,0.0,26.435379,0.3455083909180652
JOSE VICENTE RAMIREZ,18,14,4,0,0,0,0,0.0,52.870758,31.1,0.0,26.435379,0.8884501480750246
FRANCISCO JAVIER GAMBOA,61,55,1,0,3,2,0,0.0,52.870758,31.1,0.0,26.435379,3.0108588351431393
CALDERON DE LA BARCA,38,29,0,0,7,2,0,0.0,52.870758,31.1,0.0,26.435379,1.8756169792694966
JAIME TORRES BODET,61,51,3,0,6,1,0,0.0,52.870758,31.1,0.0,26.435379,3.0108588351431393
ROSARIO,43,40,0,0,3,0,0,0.0,52.870758,31.1,0.0,26.435379,2.1224086870681145
MARIANO OTERO,294,285,1,1,4,3,0,0.0,52.870758,31.1,0.0,26.435379,14.511352418558737
RICARDO PALMERIN,69,61,2,0,4,2,0,0.0,52.870758,31.1,0.0,26.435379,3.405725567620928
MAR NEGRO,7,6,0,0,1,0,0,0.0,52.870758,31.1,0.0,26.435379,0.3455083909180652
AVENIDA DE LAS AMERICAS,172,158,3,0,10,1,0,0.0,52.870758,31.1,0.0,26.435379,8.489634748272458
ESPANA,95,81,6,0,7,1,0,0.0,52.870758,31.1,0.0,26.435379,4.689042448173741
MIL CUMBRES,6,5,1,0,0,0,0,0.0,52.870758,31.1,0.0,26.435379,0.29615004935834155
ADOLFO LOPEZ MATEOS NORTE,254,245,1,1,6,1,0,0.0,52.870758,31.1,0.0,26.435379,12.537018756169793
FRAY LUIS DE PALACIOS,10,9,0,0,1,0,0,0.0,52.870758,31.1,0.0,26.435379,0.4935834155972359
RODRIGO DE TIRANA,5,5,0,0,0,0,0,0.0,52.870758,31.1,0.0,26.435379,0.24679170779861795
PROGRESO,40,32,3,0,5,0,0,0.0,52.870758,31.1,0.0,26.435379,1.9743336623889436
RAYON,56,42,2,0,11,1,0,0.0,52.870758,31.1,0.0,26.435379,2.7640671273445214
JOAQUIN AGUIRRE,1,1,0,0,0,0,0,0.0,52.870758,31.1,0.0,26.435379,0.04935834155972359
CHAPALITA,28,27,0,0,1,0,0,0.0,52.870758,31.1,0.0,26.435379,1.3820335636722607
ISLA AUSTRALIA,2,2,0,0,0,0,0,0.0,52.870758,31.1,0.0,26.435379,0.09871668311944717
UNION,106,98,1,0,7,0,0,0.0,52.870758,31.1,0.0,26.435379,5.231984205330701
DETROIT,7,7,0,0,0,0,0,0.0,52.870758,31.1,0.0,26.435379,0.3455083909180652
MAR BALTICO,21,20,0,0,1,0,0,0.0,52.870758,31.1,0.0,26.435379,1.0365251727541955
8 DE JULIO,841,737,30,2,65,7,0,0.0,52.870758,31.1,0.0,26.435379,41.51036525172754
INGLATERRA,77,69,4,0,4,0,0,0.0,52.870758,31.1,0.0,26.435379,3.8005923000987165
PABLO VILLASENOR,51,49,0,0,2,0,0,0.0,52.870758,31.1,0.0,26.435379,2.5172754195459035
BERNARDO DE BALBUENA,104,79,9,1,14,1,0,0.0,52.870758,31.1,0.0,26.435379,5.133267522211254
MARSELLA,74,65,2,0,5,2,0,0.0,52.870758,31.1,0.0,26.435379,3.652517275419546
ONTARIO,32,32,0,0,0,0,0,0.0,52.870758,31.1,0.0,26.435379,1.5794669299111548
SANTANDER,17,14,1,0,2,0,0,0.0,52.870758,31.1,0.0,26.435379,0.839091806515301
BRILLANTE,35,26,7,0,2,0,0,0.0,52.870758,31.1,0.0,26.435379,1.7275419545903257
LAGO DE CUITZEO,2,2,0,0,0,0,0,0.0,52.870758,31.1,0.0,26.435379,0.09871668311944717
SABINO,26,17,7,0,1,1,0,0.0,52.870758,31.1,0.0,26.435379,1.2833168805528135
PRUDENCIA,46,37,8,0,1,0,0,0.0,52.870758,31.1,0.0,26.435379,2.270483711747285
IGUALDAD,125,101,14,0,10,0,0,0.0,52.870758,31.1,0.0,26.435379,6.16979269496545
BELICE,17,14,2,0,0,1,0,0.0,52.870758,31.1,0.0,26.435379,0.839091806515301
PRIMO FELICIANO VELAZQUEZ,9,6,1,0,2,0,0,0.0,52.870758,31.1,0.0,26.435379,0.4442250740375123
ISLA OKINO,12,10,0,0,1,1,0,0.0,52.870758,31.1,0.0,26.435379,0.5923000987166831
CARTAMO,17,14,1,0,2,0,0,0.0,52.870758,31.1,0.0,26.435379,0.839091806515301
PASEO DEL ZOOLOGICO,14,11,0,0,3,0,0,0.0,52.870758,31.1,0.0,26.435379,0.6910167818361304
CALLE DEL SENADO,11,10,0,0,1,0,0,0.0,52.870758,31.1,0.0,26.435379,0.5429417571569595
JOSE ESCOBAR,18,15,3,0,0,0,0,0.0,52.870758,31.1,0.0,26.435379,0.8884501480750246
AVENIDA DE LAS ROSAS,71,55,0,0,12,4,0,0.0,52.870758,31.1,0.0,26.435379,3.504442250740375
ISLA SOCORRO,74,58,7,0,9,0,0,0.0,52.870758,31.1,0.0,26.435379,3.652517275419546
FRAY JUAN DE ZUMARRAGA,11,11,0,0,0,0,0,0.0,52.870758,31.1,0.0,26.435379,0.5429417571569595
RICARDO PALMA,26,23,1,1,1,0,0,0.0,52.870758,31.1,0.0,26.435379,1.2833168805528135
JORGE ALVAREZ DEL CASTILLO Z.,120,113,0,2,4,1,0,0.0,52.870758,31.1,0.0,26.435379,5.923000987166831
TERRANOVA,145,103,2,1,31,8,0,0.0,52.870758,31.1,0.0,26.435379,7.1569595261599215
CALZADA DEL FEDERALISMO SUR,181,165,4,1,9,2,0,0.0,52.870758,31.1,0.0,26.435379,8.933859822309971
RINCONADA DE LA FLORESTA,15,13,0,0,2,0,0,0.0,52.870758,31.1,0.0,26.435379,0.7403751233958539
ASUNCION,16,16,0,0,0,0,0,0.0,52.870758,31.1,0.0,26.435379,0.7897334649555774
SANTA ROSA DE LIMA,1,1,0,0,0,0,0,0.0,52.870758,31.1,0.0,26.435379,0.04935834155972359
RIO RHIN,51,44,3,0,4,0,0,0.0,52.870758,31.1,0.0,26.435379,2.5172754195459035
RIO DE JANEIRO,12,12,0,0,0,0,0,0.0,52.870758,31.1,0.0,26.435379,0.5923000987166831
PROLONGACION DE LAS AMERICAS,193,169,8,0,14,2,0,0.0,52.870758,31.1,0.0,26.435379,9.526159921026652
RUBEN DARIO,251,214,5,0,26,6,0,0.0,52.870758,31.1,0.0,26.435379,12.388943731490622
TABASCO,27,21,3,0,2,1,0,0.0,52.870758,31.1,0.0,26.435379,1.332675222112537
PLAN DE SAN LUIS POTOSI,277,245,2,0,24,6,0,0.0,52.870758,31.1,0.0,26.435379,13.672260612043436
AGUSTIN YANEZ,247,235,3,0,7,2,0,0.0,52.870758,31.1,0.0,26.435379,12.191510365251727
LA RIOJA,5,5,0,0,0,0,0,0.0,52.870758,31.1,0.0,26.435379,0.24679170779861795
MEZQUITAN,244,194,13,0,31,6,0,0.0,52.870758,31.1,0.0,26.435379,12.043435340572557
GONZALEZ GALLO,195,193,1,0,1,0,0,0.0,52.870758,31.1,0.0,26.435379,9.6248766041461
PISA,10,10,0,0,0,0,0,0.0,52.870758,31.1,0.0,26.435379,0.4935834155972359
ISLA MILOS,18,16,0,0,2,0,0,0.0,52.870758,31.1,0.0,26.435379,0.8884501480750246
FRANCISCO ESTRADA,20,16,4,0,0,0,0,0.0,52.870758,31.1,0.0,26.435379,0.9871668311944718
HERNANDO DE MARTELL,58,52,2,0,4,0,0,0.0,52.870758,31.1,0.0,26.435379,2.8627838104639687
BOCANA,13,9,3,0,1,0,0,0.0,52.870758,31.1,0.0,26.435379,0.6416584402764067
TOLTECAS,22,20,0,0,2,0,0,0.0,52.870758,31.1,0.0,26.435379,1.085883514313919
RIO ANTIGUA,8,7,1,0,0,0,0,0.0,52.870758,31.1,0.0,26.435379,0.3948667324777887
ACACIA,3,3,0,0,0,0,0,0.0,52.870758,31.1,0.0,26.435379,0.14807502467917077
FRAY JUAN DE SAN MIGUEL,12,7,3,0,2,0,0,0.0,52.870758,31.1,0.0,26.435379,0.5923000987166831
JOSE MARIA GOMEZ,44,39,3,0,2,0,0,0.0,52.870758,31.1,0.0,26.435379,2.171767028627838
JUAN DE OJEDA,4,3,0,0,1,0,0,0.0,52.870758,31.1,0.0,26.435379,0.19743336623889435
SEVERO DIAZ,26,20,1,0,5,0,0,0.0,52.870758,31.1,0.0,26.435379,1.2833168805528135
FRESNO,373,278,27,0,56,12,0,0.0,52.870758,31.1,0.0,26.435379,18.410661401776903
DE LA GONDOLA,1,1,0,0,0,0,0,0.0,52.870758,31.1,0.0,26.435379,0.04935834155972359
HERRA Y CAIRO,2,2,0,0,0,0,0,0.0,52.870758,31.1,0.0,26.435379,0.09871668311944717
CRUZ DEL SUR,303,267,6,1,28,1,0,0.0,52.870758,31.1,0.0,26.435379,14.955577492596248
RAYO,6,6,0,0,0,0,0,0.0,52.870758,31.1,0.0,26.435379,0.29615004935834155
AGUSTIN DE LA ROSA,19,18,1,0,0,0,0,0.0,52.870758,31.1,0.0,26.435379,0.9378084896347483
SIERRA DE AUTLAN,2,2,0,0,0,0,0,0.0,52.870758,31.1,0.0,26.435379,0.09871668311944717
NICOL?S ROMERO,2,2,0,0,0,0,0,0.0,52.870758,31.1,0.0,26.435379,0.09871668311944717
PERIFERICO,1,1,0,0,0,0,0,0.0,52.870758,31.1,0.0,26.435379,0.04935834155972359
DANIEL LARIOS CARDENAS,48,34,8,0,6,0,0,0.0,52.870758,31.1,0.0,26.435379,2.3692003948667324
REPUBLICA,502,466,13,3,17,3,0,0.0,52.870758,31.1,0.0,26.435379,24.777887462981244
APOLO,8,7,1,0,0,0,0,0.0,52.870758,31.1,0.0,26.435379,0.3948667324777887
RIO ZULA,12,10,2,0,0,0,0,0.0,52.870758,31.1,0.0,26.435379,0.5923000987166831
FRANCISCO VAZQUEZ CORONADO,98,71,3,0,23,1,0,0.0,52.870758,31.1,0.0,26.435379,4.8371174728529125
COLONIAS,81,59,5,1,13,3,0,0.0,52.870758,31.1,0.0,26.435379,3.998025666337611
RUBUN DARIO,2,2,0,0,0,0,0,0.0,52.870758,31.1,0.0,26.435379,0.09871668311944717
JUAN PALOMAR Y ARIAS,104,97,1,1,4,1,0,0.0,52.870758,31.1,0.0,26.435379,5.133267522211254
HERRERA Y CAIRO,373,327,16,2,25,3,0,0.0,52.870758,31.1,0.0,26.435379,18.410661401776903
AVENIDA DE LA PAZ,364,326,6,2,26,4,0,0.0,52.870758,31.1,0.0,26.435379,17.966436327739387
JUSTICIA,77,65,2,0,10,0,0,0.0,52.870758,31.1,0.0,26.435379,3.8005923000987165
JOSEMAR?A ESCRIV?,1,1,0,0,0,0,0,0.0,52.870758,31.1,0.0,26.435379,0.04935834155972359
TEPATITLAN,8,8,0,0,0,0,0,0.0,52.870758,31.1,0.0,26.435379,0.3948667324777887
VOLCAN VILLARRICA,14,12,2,0,0,0,0,0.0,52.870758,31.1,0.0,26.435379,0.6910167818361304
12,64,53,6,0,5,0,0,0.0,52.870758,31.1,0.0,26.435379,3.1589338598223096
SIMON BOLIVAR,39,36,0,0,2,1,0,0.0,52.870758,31.1,0.0,26.435379,1.9249753208292202
AVENIDA DE LOS ARCOS,16,16,0,0,0,0,0,0.0,52.870758,31.1,0.0,26.435379,0.7897334649555774
ORBITA,3,3,0,0,0,0,0,0.0,52.870758,31.1,0.0,26.435379,0.14807502467917077
JUANA DE ARCO,20,16,0,0,4,0,0,0.0,52.870758,31.1,0.0,26.435379,0.9871668311944718
FIRMAMENTO,13,13,0,0,0,0,0,0.0,52.870758,31.1,0.0,26.435379,0.6416584402764067
AURELIO ACEVES,29,25,0,0,3,1,0,0.0,52.870758,31.1,0.0,26.435379,1.4313919052319843
NOGAL,32,24,5,0,3,0,0,0.0,52.870758,31.1,0.0,26.435379,1.5794669299111548
ANDRUS ARROYO DE ANDA,1,1,0,0,0,0,0,0.0,52.870758,31.1,0.0,26.435379,0.04935834155972359
HOSPITAL,237,196,14,1,22,4,0,0.0,52.870758,31.1,0.0,26.435379,11.69792694965449
CRUZ VERDE,77,65,3,0,7,2,0,0.0,52.870758,31.1,0.0,26.435379,3.8005923000987165
MIGUEL HIDALGO Y COSTILLA,38,32,0,1,5,0,0,0.0,52.870758,31.1,0.0,26.435379,1.8756169792694966
MONTE SAN ELIAS,21,16,1,0,4,0,0,0.0,52.870758,31.1,0.0,26.435379,1.0365251727541955
AGUAMARINA,10,8,0,0,2,0,0,0.0,52.870758,31.1,0.0,26.435379,0.4935834155972359
PLACERES,12,12,0,0,0,0,0,0.0,52.870758,31.1,0.0,26.435379,0.5923000987166831
ALAMEDA,69,55,3,0,9,2,0,0.0,52.870758,31.1,0.0,26.435379,3.405725567620928
JUAREZ,395,342,9,0,36,8,0,0.0,52.870758,31.1,0.0,26.435379,19.49654491609082
ISLA SUMATRA,13,12,1,0,0,0,0,0.0,52.870758,31.1,0.0,26.435379,0.6416584402764067
FAUNA,7,6,1,0,0,0,0,0.0,52.870758,31.1,0.0,26.435379,0.3455083909180652
DOCTOR MANUEL RODRIGUEZ LAPUENTE,1,1,0,0,0,0,0,0.0,52.870758,31.1,0.0,26.435379,0.04935834155972359
GUILLERMO PRIETO,17,15,1,0,1,0,0,0.0,52.870758,31.1,0.0,26.435379,0.839091806515301
REFORMA,218,201,5,0,10,2,0,0.0,52.870758,31.1,0.0,26.435379,10.760118460019743
VOLCAN ACATENANGO,34,25,1,0,7,1,0,0.0,52.870758,31.1,0.0,26.435379,1.678183613030602
MANUEL CUESTA GALLARDO,55,42,8,0,5,0,0,0.0,52.870758,31.1,0.0,26.435379,2.7147087857847976
NINGUNO,447,308,80,0,52,7,0,0.0,52.870758,31.1,0.0,26.435379,22.063178677196447
AVENIDA DE LAS AMURICAS,1,1,0,0,0,0,0,0.0,52.870758,31.1,0.0,26.435379,0.04935834155972359
INDEPENDENCIA SUR,234,218,6,0,10,0,0,0.0,52.870758,31.1,0.0,26.435379,11.549851924975322
P0L0NIA,1,1,0,0,0,0,0,0.0,52.870758,31.1,0.0,26.435379,0.04935834155972359
LOPEZ COTILLA,620,519,19,1,65,16,0,0.0,52.870758,31.1,0.0,26.435379,30.60217176702863
IGNACIO BERNAL,11,9,1,0,1,0,0,0.0,52.870758,31.1,0.0,26.435379,0.5429417571569595
RIO BENUE,2,1,0,0,1,0,0,0.0,52.870758,31.1,0.0,26.435379,0.09871668311944717
PINO,100,86,7,0,6,1,0,0.0,52.870758,31.1,0.0,26.435379,4.935834155972359
AVENIDA ACUEDUCTO,2,2,0,0,0,0,0,0.0,52.870758,31.1,0.0,26.435379,0.09871668311944717
VENECIA,6,4,1,0,1,0,0,0.0,52.870758,31.1,0.0,26.435379,0.29615004935834155
NINOS HUROES,1,1,0,0,0,0,0,0.0,52.870758,31.1,0.0,26.435379,0.04935834155972359
LAZARO CARDENAS,498,481,2,0,15,0,0,0.0,52.870758,31.1,0.0,26.435379,24.58045409674235
COMERCIANTES,1,1,0,0,0,0,0,0.0,52.870758,31.1,0.0,26.435379,0.04935834155972359
MONTREAL,22,19,0,0,2,1,0,0.0,52.870758,31.1,0.0,26.435379,1.085883514313919
REVOLUCION,497,419,15,1,57,5,0,0.0,52.870758,31.1,0.0,26.435379,24.531095755182626
LITORAL,36,34,2,0,0,0,0,0.0,52.870758,31.1,0.0,26.435379,1.7769002961500493
MANUEL CAMBRE,26,19,1,0,6,0,0,0.0,52.870758,31.1,0.0,26.435379,1.2833168805528135
DIAGONAL GOLFO DE CORTES,96,79,0,0,14,3,0,0.0,52.870758,31.1,0.0,26.435379,4.738400789733465
PERLA,6,6,0,0,0,0,0,0.0,52.870758,31.1,0.0,26.435379,0.29615004935834155
DIAGONAL VALLARTA SAN JORGE,1,1,0,0,0,0,0,0.0,52.870758,31.1,0.0,26.435379,0.04935834155972359
ALBERTA,29,25,0,0,3,1,0,0.0,52.870758,31.1,0.0,26.435379,1.4313919052319843
SANTA MARGARITA,12,9,2,0,1,0,0,0.0,52.870758,31.1,0.0,26.435379,0.5923000987166831
LA LEY,24,24,0,0,0,0,0,0.0,52.870758,31.1,0.0,26.435379,1.1846001974333662
MONTE COLLI,17,14,1,0,1,1,0,0.0,52.870758,31.1,0.0,26.435379,0.839091806515301
DUQUE DE RIVAS,23,21,0,0,1,1,0,0.0,52.870758,31.1,0.0,26.435379,1.1352418558736426
LUIS P?REZ VERDIA,1,1,0,0,0,0,0,0.0,52.870758,31.1,0.0,26.435379,0.04935834155972359
ALTAMIRA,1,1,0,0,0,0,0,0.0,52.870758,31.1,0.0,26.435379,0.04935834155972359
PROLONGACINN DE LAS AMNRICAS,1,1,0,0,0,0,0,0.0,52.870758,31.1,0.0,26.435379,0.04935834155972359
ISLA INDIAS,28,19,5,1,3,0,0,0.0,52.870758,31.1,0.0,26.435379,1.3820335636722607
BUENOS AIRES,54,46,1,0,5,2,0,0.0,52.870758,31.1,0.0,26.435379,2.665350444225074
JULIAN VAZQUEZ,13,9,1,0,3,0,0,0.0,52.870758,31.1,0.0,26.435379,0.6416584402764067
ISABEL PRIETO,13,12,0,0,1,0,0,0.0,52.870758,31.1,0.0,26.435379,0.6416584402764067
CALLE EL ROSARIO,1,1,0,0,0,0,0,0.0,52.870758,31.1,0.0,26.435379,0.04935834155972359
RIO JUAREZ,62,52,3,0,7,0,0,0.0,52.870758,31.1,0.0,26.435379,3.0602171767028628
JOSU CLEMENTE OROZCO,1,1,0,0,0,0,0,0.0,52.870758,31.1,0.0,26.435379,0.04935834155972359
10-A,25,23,1,0,1,0,0,0.0,52.870758,31.1,0.0,26.435379,1.2339585389930898
JUAN PABLO II,360,305,22,1,28,4,0,0.0,52.870758,31.1,0.0,26.435379,17.769002961500494
56 (MIGUEL TOPETE),10,9,1,0,0,0,0,0.0,52.870758,31.1,0.0,26.435379,0.4935834155972359
JOS? MAR?A VIGIL,1,1,0,0,0,0,0,0.0,52.870758,31.1,0.0,26.435379,0.04935834155972359
FRANCISCO SILVA ROMERO,97,85,5,0,7,0,0,0.0,52.870758,31.1,0.0,26.435379,4.787759131293188
CHAPALA,5,5,0,0,0,0,0,0.0,52.870758,31.1,0.0,26.435379,0.24679170779861795
RAMOS ARIZPE,5,4,0,0,1,0,0,0.0,52.870758,31.1,0.0,26.435379,0.24679170779861795
ALCAMO,5,5,0,0,0,0,0,0.0,52.870758,31.1,0.0,26.435379,0.24679170779861795
CARLOS F. DE LANDEROS,14,13,0,0,1,0,0,0.0,52.870758,31.1,0.0,26.435379,0.6910167818361304
PEDRO MORENO,482,402,13,0,50,17,0,0.0,52.870758,31.1,0.0,26.435379,23.790720631786773
LOPE DE VEGA,49,44,0,1,4,0,0,0.0,52.870758,31.1,0.0,26.435379,2.4185587364264562
DIAGONAL GOLFO DE CORTUS,1,1,0,0,0,0,0,0.0,52.870758,31.1,0.0,26.435379,0.04935834155972359
PRESA EL TINTERO,39,33,3,0,2,1,0,0.0,52.870758,31.1,0.0,26.435379,1.9249753208292202
ISLA IZARO,87,69,6,0,10,2,0,0.0,52.870758,31.1,0.0,26.435379,4.294175715695952
FERNANDO DE MAGALLANES,21,16,2,0,1,2,0,0.0,52.870758,31.1,0.0,26.435379,1.0365251727541955
MIGUEL GORDOA,33,26,3,0,4,0,0,0.0,52.870758,31.1,0.0,26.435379,1.6288252714708784
ROSARIO CASTELLANOS,43,37,3,1,2,0,0,0.0,52.870758,31.1,0.0,26.435379,2.1224086870681145
JOAQUIN ARRIETA,10,10,0,0,0,0,0,0.0,52.870758,31.1,0.0,26.435379,0.4935834155972359
ARISTOTELES,7,7,0,0,0,0,0,0.0,52.870758,31.1,0.0,26.435379,0.3455083909180652
MAR MEDITERRANEO,13,12,0,0,1,0,0,0.0,52.870758,31.1,0.0,26.435379,0.6416584402764067
ENRIQUE RODO,15,14,0,0,1,0,0,0.0,52.870758,31.1,0.0,26.435379,0.7403751233958539
JOSE ENCARNACION ROSAS,30,20,4,0,6,0,0,0.0,52.870758,31.1,0.0,26.435379,1.4807502467917077
ESCUELA MILITAR AVIACION,2,2,0,0,0,0,0,0.0,52.870758,31.1,0.0,26.435379,0.09871668311944717
PROVIDENCIA,115,83,5,1,18,8,0,0.0,52.870758,31.1,0.0,26.435379,5.676209279368213
SAN PABLO,66,44,11,0,10,1,0,0.0,52.870758,31.1,0.0,26.435379,3.257650542941757
PLATINO,33,27,2,0,3,1,0,0.0,52.870758,31.1,0.0,26.435379,1.6288252714708784
RIO REFORMA,51,37,6,0,7,1,0,0.0,52.870758,31.1,0.0,26.435379,2.5172754195459035
SAN CLEMENTE,10,9,0,0,1,0,0,0.0,52.870758,31.1,0.0,26.435379,0.4935834155972359
CONGO,1,1,0,0,0,0,0,0.0,52.870758,31.1,0.0,26.435379,0.04935834155972359
FELIX BERNARDELLI,20,15,4,0,1,0,0,0.0,52.870758,31.1,0.0,26.435379,0.9871668311944718
VASCO DE QUIROGA,10,8,1,0,1,0,0,0.0,52.870758,31.1,0.0,26.435379,0.4935834155972359
MEDRANO,863,772,33,0,53,5,0,0.0,52.870758,31.1,0.0,26.435379,42.59624876604146
FEDERACION,684,625,22,1,31,5,0,0.0,52.870758,31.1,0.0,26.435379,33.76110562685094
FIDEL VELAZQUEZ SANCHEZ,364,298,19,1,36,10,0,0.0,52.870758,31.1,0.0,26.435379,17.966436327739387
JOAQUIN ROMERO,55,36,8,0,10,1,0,0.0,52.870758,31.1,0.0,26.435379,2.7147087857847976
IGNACIO RAMIREZ,114,96,8,0,7,3,0,0.0,52.870758,31.1,0.0,26.435379,5.62685093780849
LEONIDAS,7,6,0,0,1,0,0,0.0,52.870758,31.1,0.0,26.435379,0.3455083909180652
JOSE LUIS VERDIA,73,62,7,0,4,0,0,0.0,52.870758,31.1,0.0,26.435379,3.603158933859822
HERCULES,13,13,0,0,0,0,0,0.0,52.870758,31.1,0.0,26.435379,0.6416584402764067
OSTIA,28,27,0,1,0,0,0,0.0,52.870758,31.1,0.0,26.435379,1.3820335636722607
TABACHIN,47,36,2,0,8,1,0,0.0,52.870758,31.1,0.0,26.435379,2.319842053307009
30,24,22,0,0,2,0,0,0.0,52.870758,31.1,0.0,26.435379,1.1846001974333662
PEDRO LOZA,239,211,4,1,17,6,0,0.0,52.870758,31.1,0.0,26.435379,11.796643632773938
INGENIERO TOMAS LIMON GUTIERREZ,24,20,1,0,3,0,0,0.0,52.870758,31.1,0.0,26.435379,1.1846001974333662
8,120,102,5,0,12,1,0,0.0,52.870758,31.1,0.0,26.435379,5.923000987166831
INDEPENDENCIA NORTE,750,655,14,8,65,8,0,0.0,52.870758,31.1,0.0,26.435379,37.018756169792695
ZAPOTE,8,6,1,0,1,0,0,0.0,52.870758,31.1,0.0,26.435379,0.3948667324777887
MUXICO,2,2,0,0,0,0,0,0.0,52.870758,31.1,0.0,26.435379,0.09871668311944717
JOSU MARIA VIGIL,2,2,0,0,0,0,0,0.0,52.870758,31.1,0.0,26.435379,0.09871668311944717
5 DE MAYO,76,65,6,0,5,0,0,0.0,52.870758,31.1,0.0,26.435379,3.751233958538993
FRAY FRANCISCO FREJES,23,22,0,0,1,0,0,0.0,52.870758,31.1,0.0,26.435379,1.1352418558736426
L. DE LEGASPI,1,1,0,0,0,0,0,0.0,52.870758,31.1,0.0,26.435379,0.04935834155972359
EL SOL,35,31,1,0,2,1,0,0.0,52.870758,31.1,0.0,26.435379,1.7275419545903257
JUAN ZUBARAN CARMANY,70,52,5,0,9,4,0,0.0,52.870758,31.1,0.0,26.435379,3.4550839091806513
ACUEDUCTO,20,19,0,0,1,0,0,0.0,52.870758,31.1,0.0,26.435379,0.9871668311944718
GORRION,40,30,1,0,9,0,0,0.0,52.870758,31.1,0.0,26.435379,1.9743336623889436
TARAHUMARAS,5,4,1,0,0,0,0,0.0,52.870758,31.1,0.0,26.435379,0.24679170779861795
ISLA RASA,117,98,2,1,14,2,0,0.0,52.870758,31.1,0.0,26.435379,5.774925962487661
ANTONIO MEDINA,11,9,0,0,2,0,0,0.0,52.870758,31.1,0.0,26.435379,0.5429417571569595
JUAN ALVAREZ,314,246,17,0,44,7,0,0.0,52.870758,31.1,0.0,26.435379,15.49851924975321
SAN DIONISIO,3,3,0,0,0,0,0,0.0,52.870758,31.1,0.0,26.435379,0.14807502467917077
COLOMOS,54,48,1,0,5,0,0,0.0,52.870758,31.1,0.0,26.435379,2.665350444225074
PENITENCIARIA,42,41,1,0,0,0,0,0.0,52.870758,31.1,0.0,26.435379,2.073050345508391
VICTORIANO SALADO ALVAREZ,31,27,0,0,4,0,0,0.0,52.870758,31.1,0.0,26.435379,1.5301085883514314
LAPISLAZULI,83,71,2,1,8,1,0,0.0,52.870758,31.1,0.0,26.435379,4.096742349457058
HEROICO COLEGIO MILITAR,15,13,2,0,0,0,0,0.0,52.870758,31.1,0.0,26.435379,0.7403751233958539
LERDO DE TEJADA,139,123,3,1,11,1,0,0.0,52.870758,31.1,0.0,26.435379,6.86080947680158
PUERTA DE HIERRO,3,3,0,0,0,0,0,0.0,52.870758,31.1,0.0,26.435379,0.14807502467917077
EMILIO CASTELAR,32,29,1,0,2,0,0,0.0,52.870758,31.1,0.0,26.435379,1.5794669299111548
MAR ROSS,1,1,0,0,0,0,0,0.0,52.870758,31.1,0.0,26.435379,0.04935834155972359
PASEO DE LOS HERREROS,27,27,0,0,0,0,0,0.0,52.870758,31.1,0.0,26.435379,1.332675222112537
11,91,84,5,0,2,0,0,0.0,52.870758,31.1,0.0,26.435379,4.491609081934847
MAR AMARILLO,4,4,0,0,0,0,0,0.0,52.870758,31.1,0.0,26.435379,0.19743336623889435
CONSTELACION,12,12,0,0,0,0,0,0.0,52.870758,31.1,0.0,26.435379,0.5923000987166831
TARASCOS,204,201,0,0,0,3,0,0.0,52.870758,31.1,0.0,26.435379,10.069101678183614
MANUEL RIVERA CAMBAS,31,23,3,0,2,3,0,0.0,52.870758,31.1,0.0,26.435379,1.5301085883514314
JAIME NUNO,39,29,4,0,5,1,0,0.0,52.870758,31.1,0.0,26.435379,1.9249753208292202
ACATEMPAN,18,16,2,0,0,0,0,0.0,52.870758,31.1,0.0,26.435379,0.8884501480750246
ERIN,2,2,0,0,0,0,0,0.0,52.870758,31.1,0.0,26.435379,0.09871668311944717
JOSE GUADALUPE ZUNO HERNANDEZ,68,54,2,0,8,4,0,0.0,52.870758,31.1,0.0,26.435379,3.356367226061204
BENJAMIN ROMERO,9,9,0,0,0,0,0,0.0,52.870758,31.1,0.0,26.435379,0.4442250740375123
GABRIEL RAMOS MILLAN,179,153,10,1,12,3,0,0.0,52.870758,31.1,0.0,26.435379,8.835143139190524
ISLOTE,18,17,0,0,1,0,0,0.0,52.870758,31.1,0.0,26.435379,0.8884501480750246
REAL ACUEDUCTO,2,2,0,0,0,0,0,0.0,52.870758,31.1,0.0,26.435379,0.09871668311944717
CAUDA,15,13,0,0,2,0,0,0.0,52.870758,31.1,0.0,26.435379,0.7403751233958539
MEXICALTZINGO,213,193,5,1,13,1,0,0.0,52.870758,31.1,0.0,26.435379,10.513326752221126
MANUEL ACUNA,640,573,19,1,41,6,0,0.0,52.870758,31.1,0.0,26.435379,31.589338598223097
ISLA MANCEL,22,20,1,0,1,0,0,0.0,52.870758,31.1,0.0,26.435379,1.085883514313919
VOLCAN FOGO,21,14,4,0,3,0,0,0.0,52.870758,31.1,0.0,26.435379,1.0365251727541955
MONTE APENINOS,16,12,1,0,3,0,0,0.0,52.870758,31.1,0.0,26.435379,0.7897334649555774
GUANAJUATO,57,41,7,0,8,1,0,0.0,52.870758,31.1,0.0,26.435379,2.813425468904245
PRESIDENTES,76,61,6,0,9,0,0,0.0,52.870758,31.1,0.0,26.435379,3.751233958538993
ISLAS ORCADAS,5,5,0,0,0,0,0,0.0,52.870758,31.1,0.0,26.435379,0.24679170779861795
DE LAS ROSAS,4,3,0,0,1,0,0,0.0,52.870758,31.1,0.0,26.435379,0.19743336623889435
ATMOSFERA,5,5,0,0,0,0,0,0.0,52.870758,31.1,0.0,26.435379,0.24679170779861795
ENRIQUE DIAZ DE LEON,26,23,2,0,1,0,0,0.0,52.870758,31.1,0.0,26.435379,1.2833168805528135
LOPEZ DE LEGAZPI,214,177,8,1,24,4,0,0.0,52.870758,31.1,0.0,26.435379,10.56268509378085
CIPRES,72,56,9,0,6,1,0,0.0,52.870758,31.1,0.0,26.435379,3.5538005923000986
PAULINO MACHORRO,1,1,0,0,0,0,0,0.0,52.870758,31.1,0.0,26.435379,0.04935834155972359
JOSU MARIA LOZANO,1,1,0,0,0,0,0,0.0,52.870758,31.1,0.0,26.435379,0.04935834155972359
FLORENCIA,60,53,1,0,6,0,0,0.0,52.870758,31.1,0.0,26.435379,2.9615004935834155
CISNE,30,27,3,0,0,0,0,0.0,52.870758,31.1,0.0,26.435379,1.4807502467917077
BARCELONA,25,20,2,0,3,0,0,0.0,52.870758,31.1,0.0,26.435379,1.2339585389930898
GARIBALDI,324,280,13,0,27,4,0,0.0,52.870758,31.1,0.0,26.435379,15.992102665350444
ISLA ELIOT,17,15,1,0,1,0,0,0.0,52.870758,31.1,0.0,26.435379,0.839091806515301
PLOMO,1,1,0,0,0,0,0,0.0,52.870758,31.1,0.0,26.435379,0.04935834155972359
JUAN RUIZ DE ALARCON,48,38,2,0,7,1,0,0.0,52.870758,31.1,0.0,26.435379,2.3692003948667324
JUAN GIL PRECIADO,1,1,0,0,0,0,0,0.0,52.870758,31.1,0.0,26.435379,0.04935834155972359
CALLE JESUS,1,1,0,0,0,0,0,0.0,52.870758,31.1,0.0,26.435379,0.04935834155972359
ISLA GOMERA,115,88,5,1,20,1,0,0.0,52.870758,31.1,0.0,26.435379,5.676209279368213
CONCORDIA,34,20,12,0,2,0,0,0.0,52.870758,31.1,0.0,26.435379,1.678183613030602
MALECON,137,112,9,0,11,5,0,0.0,52.870758,31.1,0.0,26.435379,6.7620927936821325
HACIENDA LA CAMPANA,15,11,2,0,0,2,0,0.0,52.870758,31.1,0.0,26.435379,0.7403751233958539
SUSANA ORTIZ SILVA,17,15,2,0,0,0,0,0.0,52.870758,31.1,0.0,26.435379,0.839091806515301
POZA RICA,15,12,1,0,2,0,0,0.0,52.870758,31.1,0.0,26.435379,0.7403751233958539
GENERAL PRIMARIA,6,6,0,0,0,0,0,0.0,52.870758,31.1,0.0,26.435379,0.29615004935834155
GUAMUCHIL,13,12,1,0,0,0,0,0.0,52.870758,31.1,0.0,26.435379,0.6416584402764067
ISLA DEL COCO,18,16,2,0,0,0,0,0.0,52.870758,31.1,0.0,26.435379,0.8884501480750246
URANO,11,8,2,0,1,0,0,0.0,52.870758,31.1,0.0,26.435379,0.5429417571569595
PUERTO ALTATA,48,36,9,0,3,0,0,0.0,52.870758,31.1,0.0,26.435379,2.3692003948667324
RAMON CORONA,145,125,6,0,13,1,0,0.0,52.870758,31.1,0.0,26.435379,7.1569595261599215
NUEVA ORLEANS,7,5,1,0,1,0,0,0.0,52.870758,31.1,0.0,26.435379,0.3455083909180652
DAVID ALFARO SIQUEIROS,14,11,0,0,3,0,0,0.0,52.870758,31.1,0.0,26.435379,0.6910167818361304
MANUEL RVERA CAMBAS,1,1,0,0,0,0,0,0.0,52.870758,31.1,0.0,26.435379,0.04935834155972359
32,11,9,1,0,1,0,0,0.0,52.870758,31.1,0.0,26.435379,0.5429417571569595
LOS ARCOS,109,90,2,1,16,0,0,0.0,52.870758,31.1,0.0,26.435379,5.380059230009872
MANUEL AVILA CAMACHO,245,214,5,0,23,3,0,0.0,52.870758,31.1,0.0,26.435379,12.09279368213228
ISLA MONA,12,8,1,0,3,0,0,0.0,52.870758,31.1,0.0,26.435379,0.5923000987166831
AMADO A. GUADARRAMA,4,3,1,0,0,0,0,0.0,52.870758,31.1,0.0,26.435379,0.19743336623889435
MONTE DE LAS ANIMAS,12,10,0,0,2,0,0,0.0,52.870758,31.1,0.0,26.435379,0.5923000987166831
12 DE OCTUBRE,33,26,4,0,2,1,0,0.0,52.870758,31.1,0.0,26.435379,1.6288252714708784
ANDRES QUINTANA ROO,42,33,6,0,3,0,0,0.0,52.870758,31.1,0.0,26.435379,2.073050345508391
NATIVIDAD MACIAS,29,24,2,0,2,1,0,0.0,52.870758,31.1,0.0,26.435379,1.4313919052319843
LUDWIG VAN BEETHOVEN,1,1,0,0,0,0,0,0.0,52.870758,31.1,0.0,26.435379,0.04935834155972359
CRISTOBAL DE AGUIRRE,1,1,0,0,0,0,0,0.0,52.870758,31.1,0.0,26.435379,0.04935834155972359
HACIENDA HUERTA VIEJA,3,3,0,0,0,0,0,0.0,52.870758,31.1,0.0,26.435379,0.14807502467917077
RIO NILO,488,410,22,5,45,6,0,0.0,52.870758,31.1,0.0,26.435379,24.086870681145115
JAVIER MINA,710,662,21,3,18,6,0,0.0,52.870758,31.1,0.0,26.435379,35.04442250740375
NUNO DE GUZMAN,8,4,0,0,2,2,0,0.0,52.870758,31.1,0.0,26.435379,0.3948667324777887
AHUITZOTL,11,8,1,0,2,0,0,0.0,52.870758,31.1,0.0,26.435379,0.5429417571569595
ARROZ,56,48,3,0,4,1,0,0.0,52.870758,31.1,0.0,26.435379,2.7640671273445214
NELSON,34,32,1,0,1,0,0,0.0,52.870758,31.1,0.0,26.435379,1.678183613030602
MIGUEL DE CERVANTES SAAVEDRA,22,15,1,0,5,1,0,0.0,52.870758,31.1,0.0,26.435379,1.085883514313919
JUAN FRANCISCO LUCAS,2,2,0,0,0,0,0,0.0,52.870758,31.1,0.0,26.435379,0.09871668311944717
JOS? MAR?A HEREDIA,1,1,0,0,0,0,0,0.0,52.870758,31.1,0.0,26.435379,0.04935834155972359
GOMEZ DE MENDIOLA,211,161,20,0,21,9,0,0.0,52.870758,31.1,0.0,26.435379,10.414610069101677
HOMERO,25,22,1,0,2,0,0,0.0,52.870758,31.1,0.0,26.435379,1.2339585389930898
IXTLIXOCHITL,1,1,0,0,0,0,0,0.0,52.870758,31.1,0.0,26.435379,0.04935834155972359
ENRIQUE GONZALEZ MARTINEZ,103,94,2,0,5,2,0,0.0,52.870758,31.1,0.0,26.435379,5.08390918065153
RIO AMAZONAS,2,2,0,0,0,0,0,0.0,52.870758,31.1,0.0,26.435379,0.09871668311944717
PENUNURI,1,1,0,0,0,0,0,0.0,52.870758,31.1,0.0,26.435379,0.04935834155972359
R MICHEL,2,2,0,0,0,0,0,0.0,52.870758,31.1,0.0,26.435379,0.09871668311944717
SEBASTIAN ALLENDE,117,93,7,0,14,3,0,0.0,52.870758,31.1,0.0,26.435379,5.774925962487661
IGNACIO MACHAIN,117,90,12,0,14,1,0,0.0,52.870758,31.1,0.0,26.435379,5.774925962487661
5,99,88,4,0,7,0,0,0.0,52.870758,31.1,0.0,26.435379,4.886475814412636
RIO TIZAPAN,56,46,7,0,2,1,0,0.0,52.870758,31.1,0.0,26.435379,2.7640671273445214
FILADELFIA,11,9,1,0,0,1,0,0.0,52.870758,31.1,0.0,26.435379,0.5429417571569595
LEANDRO VALLE,63,53,1,0,9,0,0,0.0,52.870758,31.1,0.0,26.435379,3.1095755182625866
DE LA PAZ,26,26,0,0,0,0,0,0.0,52.870758,31.1,0.0,26.435379,1.2833168805528135
PALERMO,6,6,0,0,0,0,0,0.0,52.870758,31.1,0.0,26.435379,0.29615004935834155
PROLONGACION DE LAS AMURICAS,2,2,0,0,0,0,0,0.0,52.870758,31.1,0.0,26.435379,0.09871668311944717
SAN BONIFACIO,9,9,0,0,0,0,0,0.0,52.870758,31.1,0.0,26.435379,0.4442250740375123
HERODOTO,10,8,0,0,2,0,0,0.0,52.870758,31.1,0.0,26.435379,0.4935834155972359
LORETO,4,4,0,0,0,0,0,0.0,52.870758,31.1,0.0,26.435379,0.19743336623889435
JUAN RUIZ COLMENERO,13,11,2,0,0,0,0,0.0,52.870758,31.1,0.0,26.435379,0.6416584402764067
AMURICAS,1,1,0,0,0,0,0,0.0,52.870758,31.1,0.0,26.435379,0.04935834155972359
DURAZNO,57,47,4,0,6,0,0,0.0,52.870758,31.1,0.0,26.435379,2.813425468904245
LONGINOS CADENA,191,168,7,0,14,2,0,0.0,52.870758,31.1,0.0,26.435379,9.427443237907205
13,42,32,3,0,7,0,0,0.0,52.870758,31.1,0.0,26.435379,2.073050345508391
LIBERTAD,170,138,8,0,16,8,0,0.0,52.870758,31.1,0.0,26.435379,8.390918065153011
OTTAWA,57,48,1,1,7,0,0,0.0,52.870758,31.1,0.0,26.435379,2.813425468904245
BALBINO DAVALOS,25,20,3,0,2,0,0,0.0,52.870758,31.1,0.0,26.435379,1.2339585389930898
BELISARIO DOMINGUEZ,617,525,24,2,55,11,0,0.0,52.870758,31.1,0.0,26.435379,30.454096742349456
GHILARDI,40,37,2,0,1,0,0,0.0,52.870758,31.1,0.0,26.435379,1.9743336623889436
JOSE GUZMAN Y RAS,8,5,2,0,1,0,0,0.0,52.870758,31.1,0.0,26.435379,0.3948667324777887
BENJAMIN GUTIERREZ,14,12,1,0,1,0,0,0.0,52.870758,31.1,0.0,26.435379,0.6910167818361304
ISLA DEL ANGEL,4,4,0,0,0,0,0,0.0,52.870758,31.1,0.0,26.435379,0.19743336623889435
FRANCISCO J. MUGICA,26,20,2,2,2,0,0,0.0,52.870758,31.1,0.0,26.435379,1.2833168805528135
ARNULFO GONZALEZ MEDINA,28,18,5,0,5,0,0,0.0,52.870758,31.1,0.0,26.435379,1.3820335636722607
GIGANTES EJE,818,694,38,0,72,14,0,0.0,52.870758,31.1,0.0,26.435379,40.375123395853905
ANTONIO DE LEON,9,8,0,0,1,0,0,0.0,52.870758,31.1,0.0,26.435379,0.4442250740375123
PEDRO GARCIA CONDE,173,140,11,0,20,2,0,0.0,52.870758,31.1,0.0,26.435379,8.538993089832182
JAIME CARRILLO,24,18,5,0,1,0,0,0.0,52.870758,31.1,0.0,26.435379,1.1846001974333662
MAR CARIBE,13,12,0,0,1,0,0,0.0,52.870758,31.1,0.0,26.435379,0.6416584402764067
LUIS ARCARAZ,37,23,8,0,6,0,0,0.0,52.870758,31.1,0.0,26.435379,1.826258637709773
TENERIAS,43,24,7,0,11,1,0,0.0,52.870758,31.1,0.0,26.435379,2.1224086870681145
ALFALFA,2,2,0,0,0,0,0,0.0,52.870758,31.1,0.0,26.435379,0.09871668311944717
ARTES,66,56,6,0,4,0,0,0.0,52.870758,31.1,0.0,26.435379,3.257650542941757
JORGE ALVAREZ DEL CASTILLO,5,5,0,0,0,0,0,0.0,52.870758,31.1,0.0,26.435379,0.24679170779861795
QUETZAL,23,18,3,0,2,0,0,0.0,52.870758,31.1,0.0,26.435379,1.1352418558736426
RIO ALAMO,45,35,2,0,8,0,0,0.0,52.870758,31.1,0.0,26.435379,2.2211253701875617
EPIGMENIO GONZALEZ,42,34,5,0,1,2,0,0.0,52.870758,31.1,0.0,26.435379,2.073050345508391
GAZA,96,63,11,0,18,4,0,0.0,52.870758,31.1,0.0,26.435379,4.738400789733465
ALFREDO CHAVERO,15,12,3,0,0,0,0,0.0,52.870758,31.1,0.0,26.435379,0.7403751233958539
VICTORIANO AGUEROS,6,6,0,0,0,0,0,0.0,52.870758,31.1,0.0,26.435379,0.29615004935834155
NUEVA YORK,2,2,0,0,0,0,0,0.0,52.870758,31.1,0.0,26.435379,0.09871668311944717
CALLE 5,2,2,0,0,0,0,0,0.0,52.870758,31.1,0.0,26.435379,0.09871668311944717
JOSEFA ORTIZ DE DOMINGUEZ,250,194,30,1,24,1,0,0.0,52.870758,31.1,0.0,26.435379,12.3395853899309
MONTEOLIVETE,131,97,7,0,20,7,0,0.0,52.870758,31.1,0.0,26.435379,6.465942744323791
SILVESTRE REVUELTAS,42,32,4,0,5,1,0,0.0,52.870758,31.1,0.0,26.435379,2.073050345508391
FRANCISCO ZARCO,96,83,8,0,4,1,0,0.0,52.870758,31.1,0.0,26.435379,4.738400789733465
GUAYANA,33,26,2,0,4,1,0,0.0,52.870758,31.1,0.0,26.435379,1.6288252714708784
CONTRERAS MEDELLIN,76,70,2,0,3,1,0,0.0,52.870758,31.1,0.0,26.435379,3.751233958538993
MAGISTERIO,52,32,3,0,15,2,0,0.0,52.870758,31.1,0.0,26.435379,2.566633761105627
TORRES QUINTERO,89,65,11,0,12,1,0,0.0,52.870758,31.1,0.0,26.435379,4.3928923988154
J ROMO,1,1,0,0,0,0,0,0.0,52.870758,31.1,0.0,26.435379,0.04935834155972359
FERMIN RIESTRA,44,37,1,0,4,2,0,0.0,52.870758,31.1,0.0,26.435379,2.171767028627838
AV. AMERICAS,4,4,0,0,0,0,0,0.0,52.870758,31.1,0.0,26.435379,0.19743336623889435
C-2,2,2,0,0,0,0,0,0.0,52.870758,31.1,0.0,26.435379,0.09871668311944717
SAN URIEL,32,26,1,0,5,0,0,0.0,52.870758,31.1,0.0,26.435379,1.5794669299111548
PINO SUAREZ,104,88,5,0,11,0,0,0.0,52.870758,31.1,0.0,26.435379,5.133267522211254
NARANJO,33,29,0,0,4,0,0,0.0,52.870758,31.1,0.0,26.435379,1.6288252714708784
FRANCISCO GONZALEZ ROJAS,48,46,0,0,2,0,0,0.0,52.870758,31.1,0.0,26.435379,2.3692003948667324
JOSE CLEMENTE OROZCO,111,93,6,0,5,7,0,0.0,52.870758,31.1,0.0,26.435379,5.4787759131293186
INDEPENDENCIA,235,196,8,0,26,5,0,0.0,52.870758,31.1,0.0,26.435379,11.599210266535044
PISCIS,1,1,0,0,0,0,0,0.0,52.870758,31.1,0.0,26.435379,0.04935834155972359
PEDRO ANTONIO BUZETA,173,142,8,0,21,2,0,0.0,52.870758,31.1,0.0,26.435379,8.538993089832182
RANCHO GRANDE,1,1,0,0,0,0,0,0.0,52.870758,31.1,0.0,26.435379,0.04935834155972359
TRIGO,97,87,2,0,8,0,0,0.0,52.870758,31.1,0.0,26.435379,4.787759131293188
LENTEJA,5,4,1,0,0,0,0,0.0,52.870758,31.1,0.0,26.435379,0.24679170779861795
SAN GABRIEL,40,30,3,0,7,0,0,0.0,52.870758,31.1,0.0,26.435379,1.9743336623889436
HACIENDA HUESCALAPA,33,24,6,0,2,1,0,0.0,52.870758,31.1,0.0,26.435379,1.6288252714708784
CUAUTITLAN,13,13,0,0,0,0,0,0.0,52.870758,31.1,0.0,26.435379,0.6416584402764067
ARGENTINA,52,33,4,0,13,2,0,0.0,52.870758,31.1,0.0,26.435379,2.566633761105627
JOSE MARIA VEREA,146,112,10,0,19,5,0,0.0,52.870758,31.1,0.0,26.435379,7.206317867719644
MANUEL PENA Y PENA,77,66,1,0,6,4,0,0.0,52.870758,31.1,0.0,26.435379,3.8005923000987165
OLIMPICA,107,99,2,0,6,0,0,0.0,52.870758,31.1,0.0,26.435379,5.281342546890425
CALLE GRAL EULOGIO PARRA,1,1,0,0,0,0,0,0.0,52.870758,31.1,0.0,26.435379,0.04935834155972359
GENERAL SAN MARTIN,32,28,1,0,3,0,0,0.0,52.870758,31.1,0.0,26.435379,1.5794669299111548
SANTA CATALINA,1,1,0,0,0,0,0,0.0,52.870758,31.1,0.0,26.435379,0.04935834155972359
CERNICALO,12,10,1,0,1,0,0,0.0,52.870758,31.1,0.0,26.435379,0.5923000987166831
PASEO DE LAS BUGAMBILIAS,1,1,0,0,0,0,0,0.0,52.870758,31.1,0.0,26.435379,0.04935834155972359
DOCTOR SILVERIO GARCIA,80,68,3,1,7,1,0,0.0,52.870758,31.1,0.0,26.435379,3.948667324777887
MANUEL AZPIROZ,27,22,5,0,0,0,0,0.0,52.870758,31.1,0.0,26.435379,1.332675222112537
PARAISO,24,19,1,0,4,0,0,0.0,52.870758,31.1,0.0,26.435379,1.1846001974333662
TOPACIO,40,37,2,1,0,0,0,0.0,52.870758,31.1,0.0,26.435379,1.9743336623889436
MIGUEL L?PEZ DE LEGAZPI,1,1,0,0,0,0,0,0.0,52.870758,31.1,0.0,26.435379,0.04935834155972359
ARTESANOS,373,309,22,1,37,4,0,0.0,52.870758,31.1,0.0,26.435379,18.410661401776903
LABRADOR,6,6,0,0,0,0,0,0.0,52.870758,31.1,0.0,26.435379,0.29615004935834155
GABRIELA MISTRAL,38,24,10,0,4,0,0,0.0,52.870758,31.1,0.0,26.435379,1.8756169792694966
ARISTA,91,75,6,0,9,1,0,0.0,52.870758,31.1,0.0,26.435379,4.491609081934847
FELIPE LLERA,1,1,0,0,0,0,0,0.0,52.870758,31.1,0.0,26.435379,0.04935834155972359
7,89,73,8,0,8,0,0,0.0,52.870758,31.1,0.0,26.435379,4.3928923988154
PEDRO DE ALBA,11,9,1,0,1,0,0,0.0,52.870758,31.1,0.0,26.435379,0.5429417571569595
AURELIO GONZALEZ,19,17,2,0,0,0,0,0.0,52.870758,31.1,0.0,26.435379,0.9378084896347483
ANDRES TERAN,245,216,5,1,17,6,0,0.0,52.870758,31.1,0.0,26.435379,12.09279368213228
ISIS,5,2,1,0,2,0,0,0.0,52.870758,31.1,0.0,26.435379,0.24679170779861795
ABRAHAM GONZALEZ,60,46,4,0,9,1,0,0.0,52.870758,31.1,0.0,26.435379,2.9615004935834155
SOMBRERETE,3,3,0,0,0,0,0,0.0,52.870758,31.1,0.0,26.435379,0.14807502467917077
CEREZO,27,24,3,0,0,0,0,0.0,52.870758,31.1,0.0,26.435379,1.332675222112537
6-A,21,18,1,0,2,0,0,0.0,52.870758,31.1,0.0,26.435379,1.0365251727541955
MOJONERA,34,28,3,0,3,0,0,0.0,52.870758,31.1,0.0,26.435379,1.678183613030602
JUAN PONCE DE LEON,17,14,2,0,0,1,0,0.0,52.870758,31.1,0.0,26.435379,0.839091806515301
JOSE MARIA LETENA,18,15,3,0,0,0,0,0.0,52.870758,31.1,0.0,26.435379,0.8884501480750246
EUROPA,65,57,4,0,3,1,0,0.0,52.870758,31.1,0.0,26.435379,3.2082922013820334
GAVIOTA,26,25,0,0,1,0,0,0.0,52.870758,31.1,0.0,26.435379,1.2833168805528135
EUTIMIO PINZON,59,45,6,1,6,1,0,0.0,52.870758,31.1,0.0,26.435379,2.912142152023692
ESTEBAN LOERA,191,162,5,0,22,2,0,0.0,52.870758,31.1,0.0,26.435379,9.427443237907205
ARGEL,8,7,0,1,0,0,0,0.0,52.870758,31.1,0.0,26.435379,0.3948667324777887
ALDAMA,177,132,32,1,11,1,0,0.0,52.870758,31.1,0.0,26.435379,8.736426456071076
RIO TAPACHULA,8,8,0,0,0,0,0,0.0,52.870758,31.1,0.0,26.435379,0.3948667324777887
SEVERO AMADOR,8,7,1,0,0,0,0,0.0,52.870758,31.1,0.0,26.435379,0.3948667324777887
PABLO MORENO,13,11,1,0,1,0,0,0.0,52.870758,31.1,0.0,26.435379,0.6416584402764067
MANUEL M. PONCE,134,110,13,1,9,1,0,0.0,52.870758,31.1,0.0,26.435379,6.614017769002961
MANUEL DE MIMBELA,21,18,2,1,0,0,0,0.0,52.870758,31.1,0.0,26.435379,1.0365251727541955
FRANCISCO LOPEZ DE GOMARA,25,23,2,0,0,0,0,0.0,52.870758,31.1,0.0,26.435379,1.2339585389930898
RUBEN RODRIGUEZ,49,40,6,0,3,0,0,0.0,52.870758,31.1,0.0,26.435379,2.4185587364264562
JOSE R. OSORIO,18,15,2,0,1,0,0,0.0,52.870758,31.1,0.0,26.435379,0.8884501480750246
SAN SALVADOR,89,74,9,0,6,0,0,0.0,52.870758,31.1,0.0,26.435379,4.3928923988154
PORFIRIO DIAZ,188,159,12,0,16,1,0,0.0,52.870758,31.1,0.0,26.435379,9.279368213228036
OROZCO Y BERRA,33,26,1,0,5,1,0,0.0,52.870758,31.1,0.0,26.435379,1.6288252714708784
VICENTE ACOSTA,5,3,0,0,1,1,0,0.0,52.870758,31.1,0.0,26.435379,0.24679170779861795
CORREGIDORA,57,39,8,0,7,3,0,0.0,52.870758,31.1,0.0,26.435379,2.813425468904245
ISLA ANTIGUA,77,62,6,1,8,0,0,0.0,52.870758,31.1,0.0,26.435379,3.8005923000987165
JOSE MARIA CHAVEZ,10,8,1,0,1,0,0,0.0,52.870758,31.1,0.0,26.435379,0.4935834155972359
HACIENDA SANTA CRUZ DEL VALLE,41,32,5,0,2,2,0,0.0,52.870758,31.1,0.0,26.435379,2.023692003948667
CHIHUAHUA,24,20,0,0,3,1,0,0.0,52.870758,31.1,0.0,26.435379,1.1846001974333662
PEDRO CELESTINO NEGRETE,58,44,7,0,6,1,0,0.0,52.870758,31.1,0.0,26.435379,2.8627838104639687
HACIENDA DEL ROSARIO,24,17,5,0,2,0,0,0.0,52.870758,31.1,0.0,26.435379,1.1846001974333662
JUAN DE DIOS ROBLEDO,313,267,21,2,22,1,0,0.0,52.870758,31.1,0.0,26.435379,15.449160908193486
PUERTO DEL CARMEN,80,63,10,0,5,2,0,0.0,52.870758,31.1,0.0,26.435379,3.948667324777887
PEDRO MARIA ANAYA,65,50,9,0,5,1,0,0.0,52.870758,31.1,0.0,26.435379,3.2082922013820334
TERUEL,78,61,10,0,3,4,0,0.0,52.870758,31.1,0.0,26.435379,3.8499506416584404
14 (MANUEL MENA),49,38,5,0,5,1,0,0.0,52.870758,31.1,0.0,26.435379,2.4185587364264562
A. DURERO,3,2,1,0,0,0,0,0.0,52.870758,31.1,0.0,26.435379,0.14807502467917077
FRANCISCO DE ORELLANA,56,45,4,0,7,0,0,0.0,52.870758,31.1,0.0,26.435379,2.7640671273445214
JESUS,66,57,3,0,5,1,0,0.0,52.870758,31.1,0.0,26.435379,3.257650542941757
JESUS AMAVISCA,36,27,3,0,5,1,0,0.0,52.870758,31.1,0.0,26.435379,1.7769002961500493
LOS ANGELES,283,252,14,0,13,4,0,0.0,52.870758,31.1,0.0,26.435379,13.968410661401776
CUAUHTEMOC,47,40,3,0,3,1,0,0.0,52.870758,31.1,0.0,26.435379,2.319842053307009
CALLE DE LA COSTA,1,1,0,0,0,0,0,0.0,52.870758,31.1,0.0,26.435379,0.04935834155972359
BARTOLOME FRIAS,5,4,1,0,0,0,0,0.0,52.870758,31.1,0.0,26.435379,0.24679170779861795
ISLA GUADALUPE,30,23,4,0,2,1,0,0.0,52.870758,31.1,0.0,26.435379,1.4807502467917077
CALLE AREA TRONCAL,1,1,0,0,0,0,0,0.0,52.870758,31.1,0.0,26.435379,0.04935834155972359
JOSE MARIA CASTANOS,12,10,1,0,1,0,0,0.0,52.870758,31.1,0.0,26.435379,0.5923000987166831
26,22,17,0,0,5,0,0,0.0,52.870758,31.1,0.0,26.435379,1.085883514313919
BELEN,73,58,6,0,6,3,0,0.0,52.870758,31.1,0.0,26.435379,3.603158933859822
FRAY ANTONIO DE SEGOVIA,134,109,10,0,11,4,0,0.0,52.870758,31.1,0.0,26.435379,6.614017769002961
ABASCAL Y SOUZA,193,159,11,0,19,4,0,0.0,52.870758,31.1,0.0,26.435379,9.526159921026652
ANTONIO PLAZA,10,8,0,0,2,0,0,0.0,52.870758,31.1,0.0,26.435379,0.4935834155972359
ANTONIO AYALA RIOS,3,2,0,0,1,0,0,0.0,52.870758,31.1,0.0,26.435379,0.14807502467917077
ALVARO OBREGON,755,708,18,0,25,4,0,0.0,52.870758,31.1,0.0,26.435379,37.26554787759132
TORRECILLAS,43,37,2,0,3,1,0,0.0,52.870758,31.1,0.0,26.435379,2.1224086870681145
DIONISIO RODRIGUEZ,2026,1787,41,0,172,26,0,0.0,52.870758,31.1,0.0,26.435379,100.0
EVORA,20,16,2,0,2,0,0,0.0,52.870758,31.1,0.0,26.435379,0.9871668311944718
DIVISION DEL NORTE,310,259,11,1,37,2,0,0.0,52.870758,31.1,0.0,26.435379,15.301085883514315
JOSE MARIA NARVAEZ,122,105,4,0,12,1,0,0.0,52.870758,31.1,0.0,26.435379,6.021717670286279
PASEO DE LOS FILOSOFOS,100,79,4,0,12,5,0,0.0,52.870758,31.1,0.0,26.435379,4.935834155972359
RIO LA PAZ,81,69,2,0,8,2,0,0.0,52.870758,31.1,0.0,26.435379,3.998025666337611
38 SAMUEL NAVARRO,4,3,0,0,1,0,0,0.0,52.870758,31.1,0.0,26.435379,0.19743336623889435
MIGUEL GALINDO,45,39,5,0,1,0,0,0.0,52.870758,31.1,0.0,26.435379,2.2211253701875617
PRESA LAS PILAS,7,5,1,0,1,0,0,0.0,52.870758,31.1,0.0,26.435379,0.3455083909180652
DAVID G. BERNAGA,6,5,1,0,0,0,0,0.0,52.870758,31.1,0.0,26.435379,0.29615004935834155
LUIS PAEZ B.,24,13,7,0,4,0,0,0.0,52.870758,31.1,0.0,26.435379,1.1846001974333662
ALFONSO ESPARZA OTEO,40,31,4,0,4,1,0,0.0,52.870758,31.1,0.0,26.435379,1.9743336623889436
20 DE NOVIEMBRE,58,52,2,1,2,1,0,0.0,52.870758,31.1,0.0,26.435379,2.8627838104639687
MONTE BELLO,49,36,3,0,6,4,0,0.0,52.870758,31.1,0.0,26.435379,2.4185587364264562
CONSTITUCION,67,55,7,0,5,0,0,0.0,52.870758,31.1,0.0,26.435379,3.3070088845014807
PENSADOR MEXICANO,157,125,16,1,13,2,0,0.0,52.870758,31.1,0.0,26.435379,7.749259624876605
MANUEL M. DIEGUEZ,88,71,7,1,9,0,0,0.0,52.870758,31.1,0.0,26.435379,4.343534057255676
PORRES BARANDA,52,38,9,0,5,0,0,0.0,52.870758,31.1,0.0,26.435379,2.566633761105627
RIO ATOTONILCO,64,50,5,0,8,1,0,0.0,52.870758,31.1,0.0,26.435379,3.1589338598223096
ANALCO,85,74,5,0,4,2,0,0.0,52.870758,31.1,0.0,26.435379,4.1954590325765055
GABINO BARREDA,68,63,2,0,3,0,0,0.0,52.870758,31.1,0.0,26.435379,3.356367226061204
GENOVEVO RIVAS GUILLEN,157,128,16,0,13,0,0,0.0,52.870758,31.1,0.0,26.435379,7.749259624876605
COLON,357,320,6,0,26,5,0,0.0,52.870758,31.1,0.0,26.435379,17.620927936821325
COAHUILA,19,8,7,0,4,0,0,0.0,52.870758,31.1,0.0,26.435379,0.9378084896347483
LOS ALPES,38,31,3,0,2,2,0,0.0,52.870758,31.1,0.0,26.435379,1.8756169792694966
GOMEZ FARIAS,218,171,27,0,17,3,0,0.0,52.870758,31.1,0.0,26.435379,10.760118460019743
RA,4,4,0,0,0,0,0,0.0,52.870758,31.1,0.0,26.435379,0.19743336623889435
ABUNDANCIA,96,75,14,0,7,0,0,0.0,52.870758,31.1,0.0,26.435379,4.738400789733465
OBSIDIANA,31,22,7,0,2,0,0,0.0,52.870758,31.1,0.0,26.435379,1.5301085883514314
JUAN DIAZ COVARRUBIAS,126,114,7,0,4,1,0,0.0,52.870758,31.1,0.0,26.435379,6.219151036525173
MANUEL DE NAVARRETE,49,37,6,0,5,1,0,0.0,52.870758,31.1,0.0,26.435379,2.4185587364264562
BAGDAD,22,14,6,0,2,0,0,0.0,52.870758,31.1,0.0,26.435379,1.085883514313919
ARQUIMEDES,94,76,8,0,5,5,0,0.0,52.870758,31.1,0.0,26.435379,4.639684106614018
JOSE ALCALA,9,7,2,0,0,0,0,0.0,52.870758,31.1,0.0,26.435379,0.4442250740375123
SAN ESTEBAN,120,102,9,0,9,0,0,0.0,52.870758,31.1,0.0,26.435379,5.923000987166831
MONTE EVEREST,37,29,5,0,3,0,0,0.0,52.870758,31.1,0.0,26.435379,1.826258637709773
AURELIA GUEVARA,53,41,7,1,3,1,0,0.0,52.870758,31.1,0.0,26.435379,2.6159921026653503
JULIAN MEDINA CASTILLO,21,13,4,0,4,0,0,0.0,52.870758,31.1,0.0,26.435379,1.0365251727541955
CONDOR,31,27,1,0,3,0,0,0.0,52.870758,31.1,0.0,26.435379,1.5301085883514314
4,87,85,2,0,0,0,0,0.0,52.870758,31.1,0.0,26.435379,4.294175715695952
AQUILES SERDAN,52,41,6,0,5,0,0,0.0,52.870758,31.1,0.0,26.435379,2.566633761105627
RAMON BLANCARTE,54,43,8,0,3,0,0,0.0,52.870758,31.1,0.0,26.435379,2.665350444225074
MOTA PADILLA,106,83,9,0,10,4,0,0.0,52.870758,31.1,0.0,26.435379,5.231984205330701
22,31,30,1,0,0,0,0,0.0,52.870758,31.1,0.0,26.435379,1.5301085883514314
OTHON BLANCO CACERES,85,61,13,0,7,4,0,0.0,52.870758,31.1,0.0,26.435379,4.1954590325765055
VOLCAN VIRGEN,6,5,1,0,0,0,0,0.0,52.870758,31.1,0.0,26.435379,0.29615004935834155
LICEO,340,274,7,0,42,17,0,0.0,52.870758,31.1,0.0,26.435379,16.781836130306022
TAMAULIPAS,41,26,5,0,10,0,0,0.0,52.870758,31.1,0.0,26.435379,2.023692003948667
VOLCAN KENIA,8,8,0,0,0,0,0,0.0,52.870758,31.1,0.0,26.435379,0.3948667324777887
CERRO AZUL,32,23,7,0,2,0,0,0.0,52.870758,31.1,0.0,26.435379,1.5794669299111548
HACIENDA ARROYO HONDO,76,49,3,0,19,5,0,0.0,52.870758,31.1,0.0,26.435379,3.751233958538993
LIDIA GARCIA,29,20,6,0,2,1,0,0.0,52.870758,31.1,0.0,26.435379,1.4313919052319843
EMILIANO ZAPATA,46,35,5,0,5,1,0,0.0,52.870758,31.1,0.0,26.435379,2.270483711747285
EMILIO RABASA,101,74,10,0,11,6,0,0.0,52.870758,31.1,0.0,26.435379,4.985192497532083
ANTONIO ENRIQUEZ,70,64,3,0,3,0,0,0.0,52.870758,31.1,0.0,26.435379,3.4550839091806513
FRANCISCO TOLENTINO,6,4,2,0,0,0,0,0.0,52.870758,31.1,0.0,26.435379,0.29615004935834155
BELGICA,38,32,4,0,2,0,0,0.0,52.870758,31.1,0.0,26.435379,1.8756169792694966
JOAQUIN AMARO,364,293,21,0,44,6,0,0.0,52.870758,31.1,0.0,26.435379,17.966436327739387
CARLOS GONZALEZ PENA,33,26,2,0,3,2,0,0.0,52.870758,31.1,0.0,26.435379,1.6288252714708784
PICO DE ORIZABA,5,5,0,0,0,0,0,0.0,52.870758,31.1,0.0,26.435379,0.24679170779861795
GUILLERMO BACA,13,7,6,0,0,0,0,0.0,52.870758,31.1,0.0,26.435379,0.6416584402764067
BASILIO BADILLO,155,135,5,1,12,2,0,0.0,52.870758,31.1,0.0,26.435379,7.650542941757157
COMONFORT,23,14,4,0,4,1,0,0.0,52.870758,31.1,0.0,26.435379,1.1352418558736426
ARQUITECTO MANUEL GOMEZ IBARRA,47,37,4,0,6,0,0,0.0,52.870758,31.1,0.0,26.435379,2.319842053307009
SANTA MONICA,127,111,3,1,9,3,0,0.0,52.870758,31.1,0.0,26.435379,6.268509378084897
RIO AMECA,52,42,7,0,3,0,0,0.0,52.870758,31.1,0.0,26.435379,2.566633761105627
PUERTO MELAQUE,237,178,25,0,28,6,0,0.0,52.870758,31.1,0.0,26.435379,11.69792694965449
ESCORZA,57,41,1,1,12,2,0,0.0,52.870758,31.1,0.0,26.435379,2.813425468904245
MIGUEL BLANCO,93,77,3,0,12,1,0,0.0,52.870758,31.1,0.0,26.435379,4.590325765054295
ANDRES BALVANERA,17,16,1,0,0,0,0,0.0,52.870758,31.1,0.0,26.435379,0.839091806515301
CARLOS A. CARRILLO,150,122,9,1,17,1,0,0.0,52.870758,31.1,0.0,26.435379,7.4037512339585385
5 (ANDRES BALVANERA),46,36,4,0,6,0,0,0.0,52.870758,31.1,0.0,26.435379,2.270483711747285
EJIDO,69,61,6,1,1,0,0,0.0,52.870758,31.1,0.0,26.435379,3.405725567620928
SINALOA,9,9,0,0,0,0,0,0.0,52.870758,31.1,0.0,26.435379,0.4442250740375123
FELIPE ANGELES,174,143,12,0,18,1,0,0.0,52.870758,31.1,0.0,26.435379,8.588351431391905
MIGUEL BERNAL,39,27,7,0,5,0,0,0.0,52.870758,31.1,0.0,26.435379,1.9249753208292202
MARIA REYES,86,66,12,0,3,5,0,0.0,52.870758,31.1,0.0,26.435379,4.244817374136229
PEDRO SANCHEZ,36,27,7,0,2,0,0,0.0,52.870758,31.1,0.0,26.435379,1.7769002961500493
FRANCISCO VILLA,92,71,11,0,8,2,0,0.0,52.870758,31.1,0.0,26.435379,4.54096742349457
DIEGO CUENTAS,29,19,6,0,3,1,0,0.0,52.870758,31.1,0.0,26.435379,1.4313919052319843
PELICANO,110,79,19,0,12,0,0,0.0,52.870758,31.1,0.0,26.435379,5.429417571569595
BARTOLOME DE LAS CASAS,55,49,3,0,2,1,0,0.0,52.870758,31.1,0.0,26.435379,2.7147087857847976
DE LAS AMERICAS,60,58,0,0,2,0,0,0.0,52.870758,31.1,0.0,26.435379,2.9615004935834155
DAMIAN CARMONA,163,127,10,0,23,3,0,0.0,52.870758,31.1,0.0,26.435379,8.045409674234946
MARCELINO MANGAS,10,7,3,0,0,0,0,0.0,52.870758,31.1,0.0,26.435379,0.4935834155972359
ALHONDIGA,1,1,0,0,0,0,0,0.0,52.870758,31.1,0.0,26.435379,0.04935834155972359
SAN PEDRO,100,82,11,0,7,0,0,0.0,52.870758,31.1,0.0,26.435379,4.935834155972359
ALVAREZ DEL CASTILLO,89,71,8,0,7,3,0,0.0,52.870758,31.1,0.0,26.435379,4.3928923988154
SAN JOSE,7,6,1,0,0,0,0,0.0,52.870758,31.1,0.0,26.435379,0.3455083909180652
SANTA MARTHA,10,9,1,0,0,0,0,0.0,52.870758,31.1,0.0,26.435379,0.4935834155972359
FRANCISCO DE ICAZA,14,12,2,0,0,0,0,0.0,52.870758,31.1,0.0,26.435379,0.6910167818361304
HACIENDA LAS TROJES,18,10,6,0,2,0,0,0.0,52.870758,31.1,0.0,26.435379,0.8884501480750246
AGUSTIN BASAVE,6,6,0,0,0,0,0,0.0,52.870758,31.1,0.0,26.435379,0.29615004935834155
9,117,105,2,0,7,3,0,0.0,52.870758,31.1,0.0,26.435379,5.774925962487661
INDUSTRIA,602,499,37,1,55,10,0,0.0,52.870758,31.1,0.0,26.435379,29.713721618953603
LORETO M. MENDEZ,24,19,4,0,1,0,0,0.0,52.870758,31.1,0.0,26.435379,1.1846001974333662
PRESA OVIACHIC,21,12,7,0,2,0,0,0.0,52.870758,31.1,0.0,26.435379,1.0365251727541955
MANZANO,45,39,1,0,5,0,0,0.0,52.870758,31.1,0.0,26.435379,2.2211253701875617
PANFILO PEREZ,88,76,5,0,5,2,0,0.0,52.870758,31.1,0.0,26.435379,4.343534057255676
VESUBIO,1,1,0,0,0,0,0,0.0,52.870758,31.1,0.0,26.435379,0.04935834155972359
ESTEBAN ALATORRE,468,397,26,0,39,6,0,0.0,52.870758,31.1,0.0,26.435379,23.099703849950643
PIPILA,12,11,0,1,0,0,0,0.0,52.870758,31.1,0.0,26.435379,0.5923000987166831
BENIGNO LOPEZ,24,19,3,0,2,0,0,0.0,52.870758,31.1,0.0,26.435379,1.1846001974333662
SAN JUAN DE ULUA,29,19,4,0,6,0,0,0.0,52.870758,31.1,0.0,26.435379,1.4313919052319843
JARAUTA,78,69,3,0,6,0,0,0.0,52.870758,31.1,0.0,26.435379,3.8499506416584404
AVENIDA DEL PARQUE,81,66,5,0,9,1,0,0.0,52.870758,31.1,0.0,26.435379,3.998025666337611
EFRAIN GONZALEZ LUNA,66,60,0,1,5,0,0,0.0,52.870758,31.1,0.0,26.435379,3.257650542941757
GREGORIO DAVILA,108,70,14,1,22,1,0,0.0,52.870758,31.1,0.0,26.435379,5.330700888450148
LIMON,35,30,3,0,2,0,0,0.0,52.870758,31.1,0.0,26.435379,1.7275419545903257
ANTONIO BRAVO,98,73,8,0,16,1,0,0.0,52.870758,31.1,0.0,26.435379,4.8371174728529125
ROTONDA,14,14,0,0,0,0,0,0.0,52.870758,31.1,0.0,26.435379,0.6910167818361304
JOSE LUIS MORA,12,9,3,0,0,0,0,0.0,52.870758,31.1,0.0,26.435379,0.5923000987166831
ROQUE ABARCA,13,11,1,0,1,0,0,0.0,52.870758,31.1,0.0,26.435379,0.6416584402764067
FARO,77,71,2,0,1,3,0,0.0,52.870758,31.1,0.0,26.435379,3.8005923000987165
MANUEL DE GOROSTIZA,45,34,7,0,4,0,0,0.0,52.870758,31.1,0.0,26.435379,2.2211253701875617
MIGUEL MENDOZA,25,17,4,0,3,1,0,0.0,52.870758,31.1,0.0,26.435379,1.2339585389930898
QUEBRADA,63,54,1,0,8,0,0,0.0,52.870758,31.1,0.0,26.435379,3.1095755182625866
ROGELIO BACON,64,50,6,0,6,2,0,0.0,52.870758,31.1,0.0,26.435379,3.1589338598223096
PRESA DE SOLIS,26,20,4,0,1,1,0,0.0,52.870758,31.1,0.0,26.435379,1.2833168805528135
ELIAS VILLALPANDO,33,24,5,0,3,1,0,0.0,52.870758,31.1,0.0,26.435379,1.6288252714708784
JUAN JOSE BAZ,30,25,3,0,2,0,0,0.0,52.870758,31.1,0.0,26.435379,1.4807502467917077
SAN FRANCISCO,19,15,1,0,2,1,0,0.0,52.870758,31.1,0.0,26.435379,0.9378084896347483
GUINEA,74,52,9,0,13,0,0,0.0,52.870758,31.1,0.0,26.435379,3.652517275419546
ESTHER TAPIA DE CASTELLANOS,19,13,4,0,2,0,0,0.0,52.870758,31.1,0.0,26.435379,0.9378084896347483
CONCEPCION ALVAREZ,35,29,2,0,4,0,0,0.0,52.870758,31.1,0.0,26.435379,1.7275419545903257
JORGE DEL MORAL,58,43,7,0,7,1,0,0.0,52.870758,31.1,0.0,26.435379,2.8627838104639687
RAMON MANTEROLA,27,20,5,0,2,0,0,0.0,52.870758,31.1,0.0,26.435379,1.332675222112537
MARCELINO RENTARIA,28,22,3,0,2,1,0,0.0,52.870758,31.1,0.0,26.435379,1.3820335636722607
SAN IGNACIO,78,58,8,0,7,5,0,0.0,52.870758,31.1,0.0,26.435379,3.8499506416584404
MANUEL PAYNO,105,82,12,0,8,3,0,0.0,52.870758,31.1,0.0,26.435379,5.182625863770977
TOMAS DOSAL,12,9,2,0,1,0,0,0.0,52.870758,31.1,0.0,26.435379,0.5923000987166831
MOTOLINIA,125,100,8,0,15,2,0,0.0,52.870758,31.1,0.0,26.435379,6.16979269496545
XILOCAN,12,9,1,0,2,0,0,0.0,52.870758,31.1,0.0,26.435379,0.5923000987166831
RAMON ALCORTA GUERRERO,8,7,1,0,0,0,0,0.0,52.870758,31.1,0.0,26.435379,0.3948667324777887
ALEJANDRO ARANGO,19,14,4,0,1,0,0,0.0,52.870758,31.1,0.0,26.435379,0.9378084896347483
8-A,44,36,5,0,3,0,0,0.0,52.870758,31.1,0.0,26.435379,2.171767028627838
CARLOS FUERO,363,350,5,0,7,1,0,0.0,52.870758,31.1,0.0,26.435379,17.917077986179663
MANUEL MARIA LOMBARDINI,3,2,1,0,0,0,0,0.0,52.870758,31.1,0.0,26.435379,0.14807502467917077
HACIENDA MAZATEPEC,40,23,9,0,7,1,0,0.0,52.870758,31.1,0.0,26.435379,1.9743336623889436
DIEGO ARANDA Y CARPINTEIRO,14,10,2,0,2,0,0,0.0,52.870758,31.1,0.0,26.435379,0.6910167818361304
MIRLO,25,23,1,0,1,0,0,0.0,52.870758,31.1,0.0,26.435379,1.2339585389930898
ENCINO,25,22,3,0,0,0,0,0.0,52.870758,31.1,0.0,26.435379,1.2339585389930898
TERESA REYNOSO,32,24,4,0,4,0,0,0.0,52.870758,31.1,0.0,26.435379,1.5794669299111548
SAUCE,25,21,2,0,2,0,0,0.0,52.870758,31.1,0.0,26.435379,1.2339585389930898
JOSE MARIA LEYVA,3,2,1,0,0,0,0,0.0,52.870758,31.1,0.0,26.435379,0.14807502467917077
ENRIQUE DIAZ DE LEON NORTE,241,223,10,1,6,1,0,0.0,52.870758,31.1,0.0,26.435379,11.895360315893386
ZACATECAS,18,12,3,0,3,0,0,0.0,52.870758,31.1,0.0,26.435379,0.8884501480750246
JOSE MARIA IGLESIAS,249,194,14,0,35,6,0,0.0,52.870758,31.1,0.0,26.435379,12.290227048371175
JOSE MARIA COSS,40,27,5,2,6,0,0,0.0,52.870758,31.1,0.0,26.435379,1.9743336623889436
39,3,3,0,0,0,0,0,0.0,52.870758,31.1,0.0,26.435379,0.14807502467917077
ELEUTERIO QUIROZ,25,19,3,0,3,0,0,0.0,52.870758,31.1,0.0,26.435379,1.2339585389930898
MONTE JURA,12,8,2,0,2,0,0,0.0,52.870758,31.1,0.0,26.435379,0.5923000987166831
JOSE ROJO,40,30,5,1,2,2,0,0.0,52.870758,31.1,0.0,26.435379,1.9743336623889436
RODOLFO NAVARRETE,24,12,5,0,6,1,0,0.0,52.870758,31.1,0.0,26.435379,1.1846001974333662
NUDO DE CEMPOALTEPETL,88,69,5,0,11,3,0,0.0,52.870758,31.1,0.0,26.435379,4.343534057255676
OJO DE AGUA,1,1,0,0,0,0,0,0.0,52.870758,31.1,0.0,26.435379,0.04935834155972359
VALLADOLID,9,5,1,0,2,1,0,0.0,52.870758,31.1,0.0,26.435379,0.4442250740375123
HACIENDA SAN MARCOS,21,17,2,0,1,1,0,0.0,52.870758,31.1,0.0,26.435379,1.0365251727541955
FISICOS,11,7,2,0,2,0,0,0.0,52.870758,31.1,0.0,26.435379,0.5429417571569595
MEZQUITERA,16,11,3,0,2,0,0,0.0,52.870758,31.1,0.0,26.435379,0.7897334649555774
JESUS URUETA,93,70,13,1,9,0,0,0.0,52.870758,31.1,0.0,26.435379,4.590325765054295
JAMAICA,21,16,5,0,0,0,0,0.0,52.870758,31.1,0.0,26.435379,1.0365251727541955
VOLCAN PELEE,55,45,7,0,3,0,0,0.0,52.870758,31.1,0.0,26.435379,2.7147087857847976
PICASSO,4,3,1,0,0,0,0,0.0,52.870758,31.1,0.0,26.435379,0.19743336623889435
VOLCAN BABUYAN,47,34,6,1,5,1,0,0.0,52.870758,31.1,0.0,26.435379,2.319842053307009
BARTOLOME GUTIERREZ,74,59,11,0,4,0,0,0.0,52.870758,31.1,0.0,26.435379,3.652517275419546
RITA PEREZ DE MORENO,89,75,3,0,9,2,0,0.0,52.870758,31.1,0.0,26.435379,4.3928923988154
HUERTO,46,45,1,0,0,0,0,0.0,52.870758,31.1,0.0,26.435379,2.270483711747285
GENERAL ARTEAGA,17,15,0,0,1,1,0,0.0,52.870758,31.1,0.0,26.435379,0.839091806515301
SAN FELIX,6,5,0,0,0,1,0,0.0,52.870758,31.1,0.0,26.435379,0.29615004935834155
BAJIO,7,4,2,0,0,1,0,0.0,52.870758,31.1,0.0,26.435379,0.3455083909180652
DOCTOR ATL,74,58,3,0,10,3,0,0.0,52.870758,31.1,0.0,26.435379,3.652517275419546
HACIENDA OJO ZARCO,41,29,6,0,6,0,0,0.0,52.870758,31.1,0.0,26.435379,2.023692003948667
AMISTAD,49,36,9,0,4,0,0,0.0,52.870758,31.1,0.0,26.435379,2.4185587364264562
ANTONIO ZARAGOZA,1,1,0,0,0,0,0,0.0,52.870758,31.1,0.0,26.435379,0.04935834155972359
SIERRA NEVADA,98,66,4,1,21,6,0,0.0,52.870758,31.1,0.0,26.435379,4.8371174728529125
TANGER,2,1,1,0,0,0,0,0.0,52.870758,31.1,0.0,26.435379,0.09871668311944717
ANDRES BELLO,61,48,5,0,4,4,0,0.0,52.870758,31.1,0.0,26.435379,3.0108588351431393
ESTEBAN HUERTA,16,9,3,0,4,0,0,0.0,52.870758,31.1,0.0,26.435379,0.7897334649555774
GENERAL PEDRO RIOSECO,9,6,2,0,1,0,0,0.0,52.870758,31.1,0.0,26.435379,0.4442250740375123
FRANCISCO MEJIA,5,3,2,0,0,0,0,0.0,52.870758,31.1,0.0,26.435379,0.24679170779861795
ISLA SAZAN,19,16,2,0,1,0,0,0.0,52.870758,31.1,0.0,26.435379,0.9378084896347483
MARCONI,15,11,1,0,2,1,0,0.0,52.870758,31.1,0.0,26.435379,0.7403751233958539
CALDERAS,3,3,0,0,0,0,0,0.0,52.870758,31.1,0.0,26.435379,0.14807502467917077
GONZALEZ ORTEGA,108,96,2,0,9,1,0,0.0,52.870758,31.1,0.0,26.435379,5.330700888450148
AVIACION,1,1,0,0,0,0,0,0.0,52.870758,31.1,0.0,26.435379,0.04935834155972359
VELINO M. PRESA,26,22,3,0,1,0,0,0.0,52.870758,31.1,0.0,26.435379,1.2833168805528135
RIVA PALACIO,10,10,0,0,0,0,0,0.0,52.870758,31.1,0.0,26.435379,0.4935834155972359
MARIANO BALLEZA,37,25,8,0,3,1,0,0.0,52.870758,31.1,0.0,26.435379,1.826258637709773
CAPULIN,19,17,1,0,1,0,0,0.0,52.870758,31.1,0.0,26.435379,0.9378084896347483
PRISCILIANO SANCHEZ,179,140,10,0,22,7,0,0.0,52.870758,31.1,0.0,26.435379,8.835143139190524
LEONA VICARIO,80,71,2,0,7,0,0,0.0,52.870758,31.1,0.0,26.435379,3.948667324777887
JOSE ROSAS MORENO,15,9,1,0,4,1,0,0.0,52.870758,31.1,0.0,26.435379,0.7403751233958539
BRUNO MARTINEZ Z.,29,23,4,0,2,0,0,0.0,52.870758,31.1,0.0,26.435379,1.4313919052319843
FRANCO,14,10,2,0,2,0,0,0.0,52.870758,31.1,0.0,26.435379,0.6910167818361304
VILLA DE LA CANTERILLA,3,3,0,0,0,0,0,0.0,52.870758,31.1,0.0,26.435379,0.14807502467917077
AVENIDA DE LA CRUZ,161,126,9,0,21,5,0,0.0,52.870758,31.1,0.0,26.435379,7.946692991115499
DOCTOR SALVADOR GARCIA DIEGO,112,103,7,0,1,1,0,0.0,52.870758,31.1,0.0,26.435379,5.528134254689043
SIERRA GRANDE,36,29,2,0,5,0,0,0.0,52.870758,31.1,0.0,26.435379,1.7769002961500493
JOSE GOMEZ UGARTE,4,4,0,0,0,0,0,0.0,52.870758,31.1,0.0,26.435379,0.19743336623889435
EDUARDO ZEPEDA,10,7,3,0,0,0,0,0.0,52.870758,31.1,0.0,26.435379,0.4935834155972359
MANUEL GOROTIZA 2,1,1,0,0,0,0,0,0.0,52.870758,31.1,0.0,26.435379,0.04935834155972359
MANUEL GOMEZ MORIN,8,7,1,0,0,0,0,0.0,52.870758,31.1,0.0,26.435379,0.3948667324777887
ISLA DESEADA,29,24,2,0,3,0,0,0.0,52.870758,31.1,0.0,26.435379,1.4313919052319843
DONATO GUERRA,94,79,5,0,8,2,0,0.0,52.870758,31.1,0.0,26.435379,4.639684106614018
FRANCISCO GONZALEZ DE LEON,4,4,0,0,0,0,0,0.0,52.870758,31.1,0.0,26.435379,0.19743336623889435
ALFREDO CARRASCO,83,59,12,0,11,1,0,0.0,52.870758,31.1,0.0,26.435379,4.096742349457058
PUEBLA,27,23,4,0,0,0,0,0.0,52.870758,31.1,0.0,26.435379,1.332675222112537
46 (ANSELMO CAMACHO),41,37,4,0,0,0,0,0.0,52.870758,31.1,0.0,26.435379,2.023692003948667
MARCELO MENDEZ,1,1,0,0,0,0,0,0.0,52.870758,31.1,0.0,26.435379,0.04935834155972359
MEZQUITE,31,29,2,0,0,0,0,0.0,52.870758,31.1,0.0,26.435379,1.5301085883514314
JOSE MARIA SANCHEZ,14,11,3,0,0,0,0,0.0,52.870758,31.1,0.0,26.435379,0.6910167818361304
RUBLO,16,11,4,0,1,0,0,0.0,52.870758,31.1,0.0,26.435379,0.7897334649555774
EDUCADORES,11,9,1,0,1,0,0,0.0,52.870758,31.1,0.0,26.435379,0.5429417571569595
AGUSTIN BANCALARI,18,15,0,0,2,1,0,0.0,52.870758,31.1,0.0,26.435379,0.8884501480750246
PRESA LA ESCONDIDA,6,1,3,0,2,0,0,0.0,52.870758,31.1,0.0,26.435379,0.29615004935834155
MIGUEL URREA,1,1,0,0,0,0,0,0.0,52.870758,31.1,0.0,26.435379,0.04935834155972359
JOSE SANTANA,12,6,5,0,1,0,0,0.0,52.870758,31.1,0.0,26.435379,0.5923000987166831
CANAAN,20,16,3,0,1,0,0,0.0,52.870758,31.1,0.0,26.435379,0.9871668311944718
HACIENDA DEL JAZMIN,10,9,1,0,0,0,0,0.0,52.870758,31.1,0.0,26.435379,0.4935834155972359
FRANCISCO GONZALEZ BOCANEGRA,83,51,11,0,19,2,0,0.0,52.870758,31.1,0.0,26.435379,4.096742349457058
ANA MARIA SANCHEZ,11,9,1,0,1,0,0,0.0,52.870758,31.1,0.0,26.435379,0.5429417571569595
FLORIN,5,3,2,0,0,0,0,0.0,52.870758,31.1,0.0,26.435379,0.24679170779861795
PRIVADA POSTAL,1,1,0,0,0,0,0,0.0,52.870758,31.1,0.0,26.435379,0.04935834155972359
HERIBERTO M. AJA,26,20,4,0,2,0,0,0.0,52.870758,31.1,0.0,26.435379,1.2833168805528135
ANTONIO NERI,22,19,2,0,1,0,0,0.0,52.870758,31.1,0.0,26.435379,1.085883514313919
FRANCISCO MARQUEZ,67,57,3,0,6,1,0,0.0,52.870758,31.1,0.0,26.435379,3.3070088845014807
CUBA,17,17,0,0,0,0,0,0.0,52.870758,31.1,0.0,26.435379,0.839091806515301
HACIENDA IXCUINTLA,11,4,6,0,0,1,0,0.0,52.870758,31.1,0.0,26.435379,0.5429417571569595
PASEO DE LAS AGUILAS,3,3,0,0,0,0,0,0.0,52.870758,31.1,0.0,26.435379,0.14807502467917077
SAN JORGE,28,22,5,0,1,0,0,0.0,52.870758,31.1,0.0,26.435379,1.3820335636722607
6 (ALFONSO SANCHEZ),22,16,3,0,3,0,0,0.0,52.870758,31.1,0.0,26.435379,1.085883514313919
HACIENDA DEL JARDIN,34,23,7,0,3,1,0,0.0,52.870758,31.1,0.0,26.435379,1.678183613030602
9 CARLOS A. CARRILLO,64,47,9,0,6,2,0,0.0,52.870758,31.1,0.0,26.435379,3.1589338598223096
MONTES URALES,70,65,3,0,2,0,0,0.0,52.870758,31.1,0.0,26.435379,3.4550839091806513
JOSE MARIA MARROQUI,14,5,4,0,3,2,0,0.0,52.870758,31.1,0.0,26.435379,0.6910167818361304
RAMON ISAAC ALCARAZ,3,3,0,0,0,0,0,0.0,52.870758,31.1,0.0,26.435379,0.14807502467917077
DEMOSTENES,65,49,8,0,8,0,0,0.0,52.870758,31.1,0.0,26.435379,3.2082922013820334
MARIA GUADALUPE MARTINEZ DE HERNANDEZ LOZA,258,220,10,0,27,1,0,0.0,52.870758,31.1,0.0,26.435379,12.734452122408687
JERUSALEN,25,23,1,0,0,1,0,0.0,52.870758,31.1,0.0,26.435379,1.2339585389930898
HACIENDA LA GUARACHA,6,4,2,0,0,0,0,0.0,52.870758,31.1,0.0,26.435379,0.29615004935834155
LOMAS VALLARTA,2,1,1,0,0,0,0,0.0,52.870758,31.1,0.0,26.435379,0.09871668311944717
HACIENDA DE TALA,177,132,23,0,17,5,0,0.0,52.870758,31.1,0.0,26.435379,8.736426456071076
HACIENDA DE CEDROS,36,25,5,0,5,1,0,0.0,52.870758,31.1,0.0,26.435379,1.7769002961500493
JULIAN ZAMORA,2,2,0,0,0,0,0,0.0,52.870758,31.1,0.0,26.435379,0.09871668311944717
HACIENDA LA CALERA,163,118,18,1,23,3,0,0.0,52.870758,31.1,0.0,26.435379,8.045409674234946
JARDINES DE VERSALLES,40,29,6,0,5,0,0,0.0,52.870758,31.1,0.0,26.435379,1.9743336623889436
RIO DANUBIO,9,6,3,0,0,0,0,0.0,52.870758,31.1,0.0,26.435379,0.4442250740375123
ANGEL MARTINEZ,96,70,12,0,11,3,0,0.0,52.870758,31.1,0.0,26.435379,4.738400789733465
MESA DEL NORTE,242,196,15,0,27,4,0,0.0,52.870758,31.1,0.0,26.435379,11.94471865745311
ALBERTO SUSTAITA,7,5,2,0,0,0,0,0.0,52.870758,31.1,0.0,26.435379,0.3455083909180652
JOSE ORTIZ VIDALES,9,4,3,0,1,1,0,0.0,52.870758,31.1,0.0,26.435379,0.4442250740375123
JULIAN GRANADOS,47,33,7,0,6,1,0,0.0,52.870758,31.1,0.0,26.435379,2.319842053307009
OVIEDO,16,13,1,0,2,0,0,0.0,52.870758,31.1,0.0,26.435379,0.7897334649555774
FEDERICO ALLENDE,2,2,0,0,0,0,0,0.0,52.870758,31.1,0.0,26.435379,0.09871668311944717
JOSE ACOSTA,11,9,0,0,2,0,0,0.0,52.870758,31.1,0.0,26.435379,0.5429417571569595
7 (LONGINOS CADENA),252,203,16,0,26,7,0,0.0,52.870758,31.1,0.0,26.435379,12.438302073050346
30 (OTHON BLANCO CACERES),39,33,1,0,4,1,0,0.0,52.870758,31.1,0.0,26.435379,1.9249753208292202
NICOLAS BRAVO,45,36,4,0,5,0,0,0.0,52.870758,31.1,0.0,26.435379,2.2211253701875617
HACIENDA LA RAJADURA,29,19,7,0,3,0,0,0.0,52.870758,31.1,0.0,26.435379,1.4313919052319843
PUERTO SOTO LA MARINA,54,40,9,0,5,0,0,0.0,52.870758,31.1,0.0,26.435379,2.665350444225074
JOSE GOMEZ DE LA CORTINA,28,18,3,0,4,3,0,0.0,52.870758,31.1,0.0,26.435379,1.3820335636722607
PORFIRIO PARRA,5,4,1,0,0,0,0,0.0,52.870758,31.1,0.0,26.435379,0.24679170779861795
PUERTO PROGRESO,39,28,8,0,3,0,0,0.0,52.870758,31.1,0.0,26.435379,1.9249753208292202
ISLA TRAPANI,51,43,5,0,3,0,0,0.0,52.870758,31.1,0.0,26.435379,2.5172754195459035
ISLAS SALOMON,42,29,7,0,3,3,0,0.0,52.870758,31.1,0.0,26.435379,2.073050345508391
MIGUEL ARROYO,18,13,3,0,2,0,0,0.0,52.870758,31.1,0.0,26.435379,0.8884501480750246
HILARIO MEDINA,5,4,1,0,0,0,0,0.0,52.870758,31.1,0.0,26.435379,0.24679170779861795
28 CONCEPCION LOY,6,5,0,0,1,0,0,0.0,52.870758,31.1,0.0,26.435379,0.29615004935834155
HILARIA RIOS,15,13,2,0,0,0,0,0.0,52.870758,31.1,0.0,26.435379,0.7403751233958539
FLORENCIO DEL CASTILLO,5,5,0,0,0,0,0,0.0,52.870758,31.1,0.0,26.435379,0.24679170779861795
PRESA DE OSORIO,228,176,21,0,28,3,0,0.0,52.870758,31.1,0.0,26.435379,11.25370187561698
RIO DE LA PLATA,7,7,0,0,0,0,0,0.0,52.870758,31.1,0.0,26.435379,0.3455083909180652
REGIDORES,19,15,2,0,1,1,0,0.0,52.870758,31.1,0.0,26.435379,0.9378084896347483
FELIX GARZA,2,1,1,0,0,0,0,0.0,52.870758,31.1,0.0,26.435379,0.09871668311944717
JUAN R. ZAVALA,67,53,7,0,6,1,0,0.0,52.870758,31.1,0.0,26.435379,3.3070088845014807
MESA CENTRAL,121,89,15,0,14,3,0,0.0,52.870758,31.1,0.0,26.435379,5.972359328726555
MONTE ALBAN,52,44,0,0,7,1,0,0.0,52.870758,31.1,0.0,26.435379,2.566633761105627
GIGANTES,217,189,11,0,17,0,0,0.0,52.870758,31.1,0.0,26.435379,10.71076011846002
NICOLAS ROMERO,131,109,6,1,12,3,0,0.0,52.870758,31.1,0.0,26.435379,6.465942744323791
HEROES FERROCARRILEROS,56,49,0,0,4,3,0,0.0,52.870758,31.1,0.0,26.435379,2.7640671273445214
VOLCAN SAN BENEDICTO,10,7,3,0,0,0,0,0.0,52.870758,31.1,0.0,26.435379,0.4935834155972359
RIADA,15,12,0,0,0,3,0,0.0,52.870758,31.1,0.0,26.435379,0.7403751233958539
ANTONIO R. DE GONZALEZ,6,4,2,0,0,0,0,0.0,52.870758,31.1,0.0,26.435379,0.29615004935834155
BATALLON DE SAN PATRICIO,53,39,5,0,7,2,0,0.0,52.870758,31.1,0.0,26.435379,2.6159921026653503
SAN FELIPE,176,143,9,0,19,5,0,0.0,52.870758,31.1,0.0,26.435379,8.687068114511352
SALVADOR LIMA,12,9,2,0,1,0,0,0.0,52.870758,31.1,0.0,26.435379,0.5923000987166831
HACIENDA SANTIAGO,367,303,23,0,30,11,0,0.0,52.870758,31.1,0.0,26.435379,18.114511352418557
JUAN VALDIVIA,12,9,3,0,0,0,0,0.0,52.870758,31.1,0.0,26.435379,0.5923000987166831
D. LAURO DE URANGA,3,2,1,0,0,0,0,0.0,52.870758,31.1,0.0,26.435379,0.14807502467917077
PEDRO CATANI,39,29,3,0,6,1,0,0.0,52.870758,31.1,0.0,26.435379,1.9249753208292202
JORGE DELORME Y CAMPOS,48,34,5,0,6,3,0,0.0,52.870758,31.1,0.0,26.435379,2.3692003948667324
BUCARELI,1,1,0,0,0,0,0,0.0,52.870758,31.1,0.0,26.435379,0.04935834155972359
HACIENDA TECUALTITA,8,5,2,0,1,0,0,0.0,52.870758,31.1,0.0,26.435379,0.3948667324777887
FRANCISCO DE AYZA,184,138,30,0,15,1,0,0.0,52.870758,31.1,0.0,26.435379,9.08193484698914
ALFREDO R. PLASCENCIA,86,77,2,0,7,0,0,0.0,52.870758,31.1,0.0,26.435379,4.244817374136229
CAIRO,158,122,12,0,18,6,0,0.0,52.870758,31.1,0.0,26.435379,7.7986179664363275
HACIENDA SAN ANDRES,5,3,1,0,1,0,0,0.0,52.870758,31.1,0.0,26.435379,0.24679170779861795
JOSE MARIA LOZANO,29,21,4,0,4,0,0,0.0,52.870758,31.1,0.0,26.435379,1.4313919052319843
GUILLERMO CHAVEZ,27,17,8,0,2,0,0,0.0,52.870758,31.1,0.0,26.435379,1.332675222112537
AGUSTIN RIVERA,33,24,6,0,2,1,0,0.0,52.870758,31.1,0.0,26.435379,1.6288252714708784
HACIENDA LAURELES,9,6,3,0,0,0,0,0.0,52.870758,31.1,0.0,26.435379,0.4442250740375123
MELQUIADES CAMPOS,22,16,4,0,2,0,0,0.0,52.870758,31.1,0.0,26.435379,1.085883514313919
PRESA DEL ESTRIBON,17,14,2,0,1,0,0,0.0,52.870758,31.1,0.0,26.435379,0.839091806515301
HACIENDA DE LAS CRUCES,17,14,2,0,1,0,0,0.0,52.870758,31.1,0.0,26.435379,0.839091806515301
VOLCAN BARCENA,11,8,3,0,0,0,0,0.0,52.870758,31.1,0.0,26.435379,0.5429417571569595
MONTE HIMALAYA,16,10,5,0,1,0,0,0.0,52.870758,31.1,0.0,26.435379,0.7897334649555774
SANTA LAURA,8,6,1,0,1,0,0,0.0,52.870758,31.1,0.0,26.435379,0.3948667324777887
HACIENDA LA LLAVE,10,6,4,0,0,0,0,0.0,52.870758,31.1,0.0,26.435379,0.4935834155972359
DURANGO,23,20,2,0,1,0,0,0.0,52.870758,31.1,0.0,26.435379,1.1352418558736426
SAN MARIANO,32,24,6,0,2,0,0,0.0,52.870758,31.1,0.0,26.435379,1.5794669299111548
HACIENDA LA PRIMAVERA,2,2,0,0,0,0,0,0.0,52.870758,31.1,0.0,26.435379,0.09871668311944717
ISLAS MALVINAS,12,9,1,0,2,0,0,0.0,52.870758,31.1,0.0,26.435379,0.5923000987166831
IRAN,57,36,11,0,6,4,0,0.0,52.870758,31.1,0.0,26.435379,2.813425468904245
AGUSTIN VILLAGRAN,5,3,2,0,0,0,0,0.0,52.870758,31.1,0.0,26.435379,0.24679170779861795
DAVID ALBERTO COSSIO,7,3,1,0,3,0,0,0.0,52.870758,31.1,0.0,26.435379,0.3455083909180652
SALVADOR GALVEZ,6,6,0,0,0,0,0,0.0,52.870758,31.1,0.0,26.435379,0.29615004935834155
ARTURO XAVIER GONZALEZ,11,5,4,0,2,0,0,0.0,52.870758,31.1,0.0,26.435379,0.5429417571569595
JOSE LOPEZ ALVAREZ,4,2,1,0,1,0,0,0.0,52.870758,31.1,0.0,26.435379,0.19743336623889435
FELIPE LOPEZ,21,15,4,0,1,1,0,0.0,52.870758,31.1,0.0,26.435379,1.0365251727541955
RAFAEL LOZADA,44,32,9,0,3,0,0,0.0,52.870758,31.1,0.0,26.435379,2.171767028627838
DE LOS MAESTROS,2,2,0,0,0,0,0,0.0,52.870758,31.1,0.0,26.435379,0.09871668311944717
RITA GUTIERREZ,5,4,1,0,0,0,0,0.0,52.870758,31.1,0.0,26.435379,0.24679170779861795
DAMASCO,16,12,3,0,1,0,0,0.0,52.870758,31.1,0.0,26.435379,0.7897334649555774
HACIENDA MEDOCINA,31,18,10,0,1,2,0,0.0,52.870758,31.1,0.0,26.435379,1.5301085883514314
10 (TEODOMIRO MANZANO),30,23,3,0,4,0,0,0.0,52.870758,31.1,0.0,26.435379,1.4807502467917077
MIGUEL OROZCO CAMACHO,74,59,6,1,8,0,0,0.0,52.870758,31.1,0.0,26.435379,3.652517275419546
RODOLFO SANCHEZ TABOADA,5,4,1,0,0,0,0,0.0,52.870758,31.1,0.0,26.435379,0.24679170779861795
VOLCAN CAYAMBE,8,7,0,0,0,1,0,0.0,52.870758,31.1,0.0,26.435379,0.3948667324777887
SAN SIXTO,8,7,0,0,1,0,0,0.0,52.870758,31.1,0.0,26.435379,0.3948667324777887
IXTHILXOTITL,7,3,1,0,3,0,0,0.0,52.870758,31.1,0.0,26.435379,0.3455083909180652
PLATEROS,7,7,0,0,0,0,0,0.0,52.870758,31.1,0.0,26.435379,0.3455083909180652
SAN RAFAEL,49,45,2,0,2,0,0,0.0,52.870758,31.1,0.0,26.435379,2.4185587364264562
18 (JOAQUIN RIVERO),10,5,2,0,3,0,0,0.0,52.870758,31.1,0.0,26.435379,0.4935834155972359
HACIENDA DEL CARMEN,66,44,13,0,6,3,0,0.0,52.870758,31.1,0.0,26.435379,3.257650542941757
MARIA BANCALARI,251,192,15,0,36,8,0,0.0,52.870758,31.1,0.0,26.435379,12.388943731490622
EDISON,33,26,4,0,3,0,0,0.0,52.870758,31.1,0.0,26.435379,1.6288252714708784
AGUSTIN ALCERRECA,10,7,2,0,1,0,0,0.0,52.870758,31.1,0.0,26.435379,0.4935834155972359
FELIPE GALINDO,12,8,3,0,1,0,0,0.0,52.870758,31.1,0.0,26.435379,0.5923000987166831
ESMIRNA,43,34,4,0,5,0,0,0.0,52.870758,31.1,0.0,26.435379,2.1224086870681145
DEMOCRITO,20,18,2,0,0,0,0,0.0,52.870758,31.1,0.0,26.435379,0.9871668311944718
HIMNO,22,16,3,0,3,0,0,0.0,52.870758,31.1,0.0,26.435379,1.085883514313919
GASPAR BOLANOS,10,8,1,0,0,1,0,0.0,52.870758,31.1,0.0,26.435379,0.4935834155972359
ISLA USTICA,38,29,7,0,2,0,0,0.0,52.870758,31.1,0.0,26.435379,1.8756169792694966
CENZONTLE,2,2,0,0,0,0,0,0.0,52.870758,31.1,0.0,26.435379,0.09871668311944717
PESO,107,85,11,0,8,3,0,0.0,52.870758,31.1,0.0,26.435379,5.281342546890425
MANUEL DE FALLA,39,30,4,0,4,1,0,0.0,52.870758,31.1,0.0,26.435379,1.9249753208292202
VOLCAN OSORNO,5,4,1,0,0,0,0,0.0,52.870758,31.1,0.0,26.435379,0.24679170779861795
LUIS PENICHE VALLIDO G.,3,1,2,0,0,0,0,0.0,52.870758,31.1,0.0,26.435379,0.14807502467917077
GONZALO CURIEL,24,18,2,1,2,1,0,0.0,52.870758,31.1,0.0,26.435379,1.1846001974333662
AGRONOMOS,4,4,0,0,0,0,0,0.0,52.870758,31.1,0.0,26.435379,0.19743336623889435
TRIPOLI,16,12,3,0,1,0,0,0.0,52.870758,31.1,0.0,26.435379,0.7897334649555774
P. DAMIAN,2,2,0,0,0,0,0,0.0,52.870758,31.1,0.0,26.435379,0.09871668311944717
HACIENDA LA HERRADURA,65,41,7,0,14,3,0,0.0,52.870758,31.1,0.0,26.435379,3.2082922013820334
CLARIN,33,20,2,0,10,1,0,0.0,52.870758,31.1,0.0,26.435379,1.6288252714708784
SANTA BEATRIZ,64,44,8,0,9,3,0,0.0,52.870758,31.1,0.0,26.435379,3.1589338598223096
HACIENDA DE LA VENTA,108,77,16,0,12,3,0,0.0,52.870758,31.1,0.0,26.435379,5.330700888450148
CARLOS SALAZAR,14,12,1,0,1,0,0,0.0,52.870758,31.1,0.0,26.435379,0.6910167818361304
HUERTAS,104,92,10,0,1,1,0,0.0,52.870758,31.1,0.0,26.435379,5.133267522211254
GUSTAVO BAZ,9,5,4,0,0,0,0,0.0,52.870758,31.1,0.0,26.435379,0.4442250740375123
JOSE MARIA MARTINEZ,22,15,6,0,1,0,0,0.0,52.870758,31.1,0.0,26.435379,1.085883514313919
AURELIO MANRIQUEZ,36,24,5,0,5,2,0,0.0,52.870758,31.1,0.0,26.435379,1.7769002961500493
LIBRADO ACEVEDO,6,6,0,0,0,0,0,0.0,52.870758,31.1,0.0,26.435379,0.29615004935834155
HACIENDA CONCEPCION,9,7,1,0,1,0,0,0.0,52.870758,31.1,0.0,26.435379,0.4442250740375123
IDELFONSO VAZQUEZ,11,10,1,0,0,0,0,0.0,52.870758,31.1,0.0,26.435379,0.5429417571569595
JOAQUIN MUCEL,59,47,9,0,3,0,0,0.0,52.870758,31.1,0.0,26.435379,2.912142152023692
SUDAN,34,27,4,0,3,0,0,0.0,52.870758,31.1,0.0,26.435379,1.678183613030602
BLAS GALINDO,14,10,3,1,0,0,0,0.0,52.870758,31.1,0.0,26.435379,0.6910167818361304
PRESA SANALONA,11,5,3,0,2,1,0,0.0,52.870758,31.1,0.0,26.435379,0.5429417571569595
DELGADILLO ARAUJO,15,8,4,0,2,1,0,0.0,52.870758,31.1,0.0,26.435379,0.7403751233958539
DOLORES ZAMORANO,3,2,1,0,0,0,0,0.0,52.870758,31.1,0.0,26.435379,0.14807502467917077
ISLA ANDAMAN,3,3,0,0,0,0,0,0.0,52.870758,31.1,0.0,26.435379,0.14807502467917077
RAMON CASTELLANOS,25,15,10,0,0,0,0,0.0,52.870758,31.1,0.0,26.435379,1.2339585389930898
6 DE DICIEMBRE,54,37,8,0,8,1,0,0.0,52.870758,31.1,0.0,26.435379,2.665350444225074
JARDINES DE LA GRANJA,15,11,1,0,2,1,0,0.0,52.870758,31.1,0.0,26.435379,0.7403751233958539
GUELATAO,95,87,3,0,3,2,0,0.0,52.870758,31.1,0.0,26.435379,4.689042448173741
HACIENDA LA COLMENA,69,42,19,0,6,2,0,0.0,52.870758,31.1,0.0,26.435379,3.405725567620928
SALVADOR GARCIA DIEGO,3,3,0,0,0,0,0,0.0,52.870758,31.1,0.0,26.435379,0.14807502467917077
LUIS QUINTANAR,5,4,1,0,0,0,0,0.0,52.870758,31.1,0.0,26.435379,0.24679170779861795
GRACIELA OLMOS,7,5,2,0,0,0,0,0.0,52.870758,31.1,0.0,26.435379,0.3455083909180652
EUSEBIO VILLAMIL,1,1,0,0,0,0,0,0.0,52.870758,31.1,0.0,26.435379,0.04935834155972359
HONDURAS,24,19,4,0,1,0,0,0.0,52.870758,31.1,0.0,26.435379,1.1846001974333662
ISAAC ALBENIZ,33,23,5,0,4,1,0,0.0,52.870758,31.1,0.0,26.435379,1.6288252714708784
VOLCAN DE FUEGO,16,14,2,0,0,0,0,0.0,52.870758,31.1,0.0,26.435379,0.7897334649555774
CATALINA JAUREGUI,7,6,1,0,0,0,0,0.0,52.870758,31.1,0.0,26.435379,0.3455083909180652
CARDENAL,42,35,3,0,4,0,0,0.0,52.870758,31.1,0.0,26.435379,2.073050345508391
FRANCISCO CARDENAS LARIOS,26,18,5,0,2,1,0,0.0,52.870758,31.1,0.0,26.435379,1.2833168805528135
JAZMMIN,9,8,0,0,1,0,0,0.0,52.870758,31.1,0.0,26.435379,0.4442250740375123
MARCELINO VELASCO ROBLES,4,4,0,0,0,0,0,0.0,52.870758,31.1,0.0,26.435379,0.19743336623889435
ISLAS FILIPINAS,52,33,6,0,10,3,0,0.0,52.870758,31.1,0.0,26.435379,2.566633761105627
BETHANIA,78,63,3,0,10,2,0,0.0,52.870758,31.1,0.0,26.435379,3.8499506416584404
ALGARBE,2,2,0,0,0,0,0,0.0,52.870758,31.1,0.0,26.435379,0.09871668311944717
HACIENDA LA PURISIMA,19,10,5,0,3,1,0,0.0,52.870758,31.1,0.0,26.435379,0.9378084896347483
SANGANGUEY,19,12,4,0,2,1,0,0.0,52.870758,31.1,0.0,26.435379,0.9378084896347483
PRIVADA DEL ORO,7,5,1,0,1,0,0,0.0,52.870758,31.1,0.0,26.435379,0.3455083909180652
FRANCISCO CUEVAS,2,2,0,0,0,0,0,0.0,52.870758,31.1,0.0,26.435379,0.09871668311944717
ROBLE,57,52,3,0,2,0,0,0.0,52.870758,31.1,0.0,26.435379,2.813425468904245
JUAN A. MATEOS,8,5,1,0,2,0,0,0.0,52.870758,31.1,0.0,26.435379,0.3948667324777887
PARRAS,7,7,0,0,0,0,0,0.0,52.870758,31.1,0.0,26.435379,0.3455083909180652
10,211,178,12,1,15,5,0,0.0,52.870758,31.1,0.0,26.435379,10.414610069101677
ISLA SALINAS,22,18,2,0,1,1,0,0.0,52.870758,31.1,0.0,26.435379,1.085883514313919
DOMINGO SARMIENTO,6,5,0,0,1,0,0,0.0,52.870758,31.1,0.0,26.435379,0.29615004935834155
6,103,99,0,0,2,2,0,0.0,52.870758,31.1,0.0,26.435379,5.08390918065153
PASEO HOSPICIO,573,564,1,0,6,2,0,0.0,52.870758,31.1,0.0,26.435379,28.282329713721623
CANUTO ELIAS,19,15,3,0,0,1,0,0.0,52.870758,31.1,0.0,26.435379,0.9378084896347483
RIO LA BARCA,37,30,5,0,2,0,0,0.0,52.870758,31.1,0.0,26.435379,1.826258637709773
28,7,7,0,0,0,0,0,0.0,52.870758,31.1,0.0,26.435379,0.3455083909180652
TEPIC,21,18,1,0,2,0,0,0.0,52.870758,31.1,0.0,26.435379,1.0365251727541955
CALLE DEL ISTMO,3,3,0,0,0,0,0,0.0,52.870758,31.1,0.0,26.435379,0.14807502467917077
MONTE CAUCASO,37,21,1,0,11,4,0,0.0,52.870758,31.1,0.0,26.435379,1.826258637709773
MINAS DEL SUR,16,12,0,0,4,0,0,0.0,52.870758,31.1,0.0,26.435379,0.7897334649555774
EXPERIENCIA,125,97,8,0,17,3,0,0.0,52.870758,31.1,0.0,26.435379,6.16979269496545
PLATON,32,27,0,0,4,1,0,0.0,52.870758,31.1,0.0,26.435379,1.5794669299111548
METALURGIA,8,5,2,0,1,0,0,0.0,52.870758,31.1,0.0,26.435379,0.3948667324777887
RICARDO TOSCANO,59,38,12,0,6,3,0,0.0,52.870758,31.1,0.0,26.435379,2.912142152023692
RUBI,18,14,3,0,1,0,0,0.0,52.870758,31.1,0.0,26.435379,0.8884501480750246
SAN JACINTO,104,81,7,1,13,2,0,0.0,52.870758,31.1,0.0,26.435379,5.133267522211254
CONSTANCIA,33,29,1,0,3,0,0,0.0,52.870758,31.1,0.0,26.435379,1.6288252714708784
RIO ORINOCO,3,3,0,0,0,0,0,0.0,52.870758,31.1,0.0,26.435379,0.14807502467917077
HIGINIO RUVALCABA,31,24,6,0,0,1,0,0.0,52.870758,31.1,0.0,26.435379,1.5301085883514314
SANTA JULIA,9,8,1,0,0,0,0,0.0,52.870758,31.1,0.0,26.435379,0.4442250740375123
PRIVADA CORDONCILLO,3,3,0,0,0,0,0,0.0,52.870758,31.1,0.0,26.435379,0.14807502467917077
18,11,11,0,0,0,0,0,0.0,52.870758,31.1,0.0,26.435379,0.5429417571569595
CATALAN,3,3,0,0,0,0,0,0.0,52.870758,31.1,0.0,26.435379,0.14807502467917077
CORONEL CALDERON,50,31,2,0,14,3,0,0.0,52.870758,31.1,0.0,26.435379,2.4679170779861797
REYES FLORES,26,22,1,0,3,0,0,0.0,52.870758,31.1,0.0,26.435379,1.2833168805528135
HEROE DE NACOZARI,39,32,2,0,5,0,0,0.0,52.870758,31.1,0.0,26.435379,1.9249753208292202
ESMERALDA,43,32,6,0,5,0,0,0.0,52.870758,31.1,0.0,26.435379,2.1224086870681145
FRAY TEOFILO GARCIA SANCHO,2,2,0,0,0,0,0,0.0,52.870758,31.1,0.0,26.435379,0.09871668311944717
M. AYON,8,3,0,0,4,1,0,0.0,52.870758,31.1,0.0,26.435379,0.3948667324777887
COMERCIO EXTERIOR,6,6,0,0,0,0,0,0.0,52.870758,31.1,0.0,26.435379,0.29615004935834155
HACIENDA DEL ESCALON,3,2,1,0,0,0,0,0.0,52.870758,31.1,0.0,26.435379,0.14807502467917077
RAFAEL CARDENAS Z.,20,13,3,0,3,1,0,0.0,52.870758,31.1,0.0,26.435379,0.9871668311944718
OCAMPO,95,79,5,0,11,0,0,0.0,52.870758,31.1,0.0,26.435379,4.689042448173741
PUERTO LA PAZ,23,20,1,0,2,0,0,0.0,52.870758,31.1,0.0,26.435379,1.1352418558736426
CHIMBORAZO,25,21,3,0,1,0,0,0.0,52.870758,31.1,0.0,26.435379,1.2339585389930898
BAHIA,42,33,3,0,4,2,0,0.0,52.870758,31.1,0.0,26.435379,2.073050345508391
MARQUESA DE CALDERON,43,37,2,0,3,1,0,0.0,52.870758,31.1,0.0,26.435379,2.1224086870681145
PRIVADA COVARRUBIAS,2,2,0,0,0,0,0,0.0,52.870758,31.1,0.0,26.435379,0.09871668311944717
FERNANDO CALDERON,38,29,7,0,2,0,0,0.0,52.870758,31.1,0.0,26.435379,1.8756169792694966
SECUNDINA GALLO,22,12,5,0,3,2,0,0.0,52.870758,31.1,0.0,26.435379,1.085883514313919
PABLO GUTIERREZ,13,10,2,0,1,0,0,0.0,52.870758,31.1,0.0,26.435379,0.6416584402764067
MONTANAS ROCOSAS,18,12,3,0,3,0,0,0.0,52.870758,31.1,0.0,26.435379,0.8884501480750246
FRANCISCO I. MADERO,145,123,7,0,13,2,0,0.0,52.870758,31.1,0.0,26.435379,7.1569595261599215
HISTORIADORES,89,74,3,0,10,2,0,0.0,52.870758,31.1,0.0,26.435379,4.3928923988154
ISLA CICLADAS,14,11,2,0,1,0,0,0.0,52.870758,31.1,0.0,26.435379,0.6910167818361304
COLMENA,19,17,2,0,0,0,0,0.0,52.870758,31.1,0.0,26.435379,0.9378084896347483
TURIN,26,25,0,0,1,0,0,0.0,52.870758,31.1,0.0,26.435379,1.2833168805528135
GABAON,11,7,2,0,2,0,0,0.0,52.870758,31.1,0.0,26.435379,0.5429417571569595
MANUL ACUNA,14,8,2,0,4,0,0,0.0,52.870758,31.1,0.0,26.435379,0.6910167818361304
COLOMBIA,68,43,5,0,16,4,0,0.0,52.870758,31.1,0.0,26.435379,3.356367226061204
JOSE MARIA MENDEZ OLIVAREZ,2,2,0,0,0,0,0,0.0,52.870758,31.1,0.0,26.435379,0.09871668311944717
3 (RAMON ALCORTA),94,75,11,0,7,1,0,0.0,52.870758,31.1,0.0,26.435379,4.639684106614018
LUIS JOSE JIMENEZ,11,8,3,0,0,0,0,0.0,52.870758,31.1,0.0,26.435379,0.5429417571569595
AVENIDA SAN RAFAEL,23,20,1,0,2,0,0,0.0,52.870758,31.1,0.0,26.435379,1.1352418558736426
JOSE HERNANDEZ,12,9,2,0,1,0,0,0.0,52.870758,31.1,0.0,26.435379,0.5923000987166831
HACIENDA DE GUADALUPE,45,32,6,0,6,1,0,0.0,52.870758,31.1,0.0,26.435379,2.2211253701875617
MONTE OLIMPO,25,17,5,0,3,0,0,0.0,52.870758,31.1,0.0,26.435379,1.2339585389930898
PUERTO ANGEL,51,38,9,0,3,1,0,0.0,52.870758,31.1,0.0,26.435379,2.5172754195459035
CANDIDO CARLIN,40,31,4,1,3,1,0,0.0,52.870758,31.1,0.0,26.435379,1.9743336623889436
ISLA TOBAGO,15,11,2,0,1,1,0,0.0,52.870758,31.1,0.0,26.435379,0.7403751233958539
GUATEMALA,30,21,5,0,4,0,0,0.0,52.870758,31.1,0.0,26.435379,1.4807502467917077
48 (JOSE CARRILLO),19,13,2,0,4,0,0,0.0,52.870758,31.1,0.0,26.435379,0.9378084896347483
GALEANA,101,89,3,0,8,1,0,0.0,52.870758,31.1,0.0,26.435379,4.985192497532083
GOBERNADOR CURIEL,14,14,0,0,0,0,0,0.0,52.870758,31.1,0.0,26.435379,0.6910167818361304
VOLCAN KRAKATOA,19,12,1,0,6,0,0,0.0,52.870758,31.1,0.0,26.435379,0.9378084896347483
MANUEL AVELEYRA Y DE LA TORRE,23,17,5,0,1,0,0,0.0,52.870758,31.1,0.0,26.435379,1.1352418558736426
34 (MIGUEL OROZCO CAMACHO),14,12,2,0,0,0,0,0.0,52.870758,31.1,0.0,26.435379,0.6910167818361304
VASCO DE GAMA,27,22,2,0,3,0,0,0.0,52.870758,31.1,0.0,26.435379,1.332675222112537
MONTES MARCIANOS,13,10,2,0,1,0,0,0.0,52.870758,31.1,0.0,26.435379,0.6416584402764067
MANUEL DOBLADO,70,59,4,0,7,0,0,0.0,52.870758,31.1,0.0,26.435379,3.4550839091806513
AMAPOLA,28,23,3,0,2,0,0,0.0,52.870758,31.1,0.0,26.435379,1.3820335636722607
JOSE OTHON AGUINAGA,2,2,0,0,0,0,0,0.0,52.870758,31.1,0.0,26.435379,0.09871668311944717
ANTONIO CISNEROS,5,3,2,0,0,0,0,0.0,52.870758,31.1,0.0,26.435379,0.24679170779861795
TADEO ORTIZ AYALA,5,4,0,1,0,0,0,0.0,52.870758,31.1,0.0,26.435379,0.24679170779861795
ESMIRNA 2,1,1,0,0,0,0,0,0.0,52.870758,31.1,0.0,26.435379,0.04935834155972359
RIO INDEPENDENCIA,35,24,5,0,5,1,0,0.0,52.870758,31.1,0.0,26.435379,1.7275419545903257
FRAY SERVANDO TERESA DE MIER,9,8,1,0,0,0,0,0.0,52.870758,31.1,0.0,26.435379,0.4442250740375123
SIERRA MOJADA,35,29,1,1,4,0,0,0.0,52.870758,31.1,0.0,26.435379,1.7275419545903257
FLAMENCO,8,5,2,0,1,0,0,0.0,52.870758,31.1,0.0,26.435379,0.3948667324777887
JARDINES DEL REGENTE,20,16,3,0,0,1,0,0.0,52.870758,31.1,0.0,26.435379,0.9871668311944718
JARDINES DE TIVOLI,17,11,4,0,1,1,0,0.0,52.870758,31.1,0.0,26.435379,0.839091806515301
RUPERTO MALDONADO,17,13,2,0,2,0,0,0.0,52.870758,31.1,0.0,26.435379,0.839091806515301
LINGOTE,10,9,0,0,0,1,0,0.0,52.870758,31.1,0.0,26.435379,0.4935834155972359
HACIENDA CIENEGA DE MATA,45,28,10,0,7,0,0,0.0,52.870758,31.1,0.0,26.435379,2.2211253701875617
50 (JOSE MARIA CASTILLEROS),22,20,2,0,0,0,0,0.0,52.870758,31.1,0.0,26.435379,1.085883514313919
PRESA FALCON,14,12,1,0,1,0,0,0.0,52.870758,31.1,0.0,26.435379,0.6910167818361304
PRESA MODELO,11,7,4,0,0,0,0,0.0,52.870758,31.1,0.0,26.435379,0.5429417571569595
PRESA DE BERMEJILLO,3,3,0,0,0,0,0,0.0,52.870758,31.1,0.0,26.435379,0.14807502467917077
ANTONIO TELLO,34,27,2,0,5,0,0,0.0,52.870758,31.1,0.0,26.435379,1.678183613030602
ALFONSO HERRERA,1,1,0,0,0,0,0,0.0,52.870758,31.1,0.0,26.435379,0.04935834155972359
GUADALUPE ZUNO ORIENTE,1,1,0,0,0,0,0,0.0,52.870758,31.1,0.0,26.435379,0.04935834155972359
HACIENDA LA ROJENA,5,4,1,0,0,0,0,0.0,52.870758,31.1,0.0,26.435379,0.24679170779861795
SANTA CATARINA,6,5,0,0,1,0,0,0.0,52.870758,31.1,0.0,26.435379,0.29615004935834155
HACIENDA EL ESCALON,5,3,2,0,0,0,0,0.0,52.870758,31.1,0.0,26.435379,0.24679170779861795
MAGNOLIA,4,3,0,0,1,0,0,0.0,52.870758,31.1,0.0,26.435379,0.19743336623889435
MONTE AJUSCO,8,7,1,0,0,0,0,0.0,52.870758,31.1,0.0,26.435379,0.3948667324777887
GUACAMAYO,13,9,3,0,1,0,0,0.0,52.870758,31.1,0.0,26.435379,0.6416584402764067
RIO BRAVO,27,25,0,0,2,0,0,0.0,52.870758,31.1,0.0,26.435379,1.332675222112537
PRIVADA ANTONIO LARRANAGA,4,3,1,0,0,0,0,0.0,52.870758,31.1,0.0,26.435379,0.19743336623889435
HACIENDA LA PALMA,3,2,1,0,0,0,0,0.0,52.870758,31.1,0.0,26.435379,0.14807502467917077
VOLCAN TOLIMAN,20,14,2,0,4,0,0,0.0,52.870758,31.1,0.0,26.435379,0.9871668311944718
DOMINGO RAMIREZ,15,11,4,0,0,0,0,0.0,52.870758,31.1,0.0,26.435379,0.7403751233958539
SAN MIGUEL,9,9,0,0,0,0,0,0.0,52.870758,31.1,0.0,26.435379,0.4442250740375123
2-A,8,8,0,0,0,0,0,0.0,52.870758,31.1,0.0,26.435379,0.3948667324777887
ANDALUCIA,24,18,3,0,2,1,0,0.0,52.870758,31.1,0.0,26.435379,1.1846001974333662
CANA,46,45,0,0,1,0,0,0.0,52.870758,31.1,0.0,26.435379,2.270483711747285
18 DE MARZO,61,56,1,0,3,1,0,0.0,52.870758,31.1,0.0,26.435379,3.0108588351431393
PUERTO MULEGE,29,25,3,0,1,0,0,0.0,52.870758,31.1,0.0,26.435379,1.4313919052319843
FRATERNIDAD,80,62,11,0,6,1,0,0.0,52.870758,31.1,0.0,26.435379,3.948667324777887
7 LONGINOS CADENA,28,23,1,0,4,0,0,0.0,52.870758,31.1,0.0,26.435379,1.3820335636722607
DOCTOR PEREZ ARCE,35,31,3,0,1,0,0,0.0,52.870758,31.1,0.0,26.435379,1.7275419545903257
SAN PATRICIO,93,69,8,0,14,2,0,0.0,52.870758,31.1,0.0,26.435379,4.590325765054295
ROBERTO J. CORDERO,32,27,4,0,1,0,0,0.0,52.870758,31.1,0.0,26.435379,1.5794669299111548
SANTA FE,40,29,7,0,3,1,0,0.0,52.870758,31.1,0.0,26.435379,1.9743336623889436
GABINO DURAN,5,4,1,0,0,0,0,0.0,52.870758,31.1,0.0,26.435379,0.24679170779861795
MONTE BLANCO,20,17,3,0,0,0,0,0.0,52.870758,31.1,0.0,26.435379,0.9871668311944718
MARGARITA GUTIERREZ NAJERA,77,54,7,0,14,2,0,0.0,52.870758,31.1,0.0,26.435379,3.8005923000987165
RAFAEL NAVARRO CORTINA,24,16,6,0,2,0,0,0.0,52.870758,31.1,0.0,26.435379,1.1846001974333662
GENARO VEGA SALAZAR,51,40,6,0,5,0,0,0.0,52.870758,31.1,0.0,26.435379,2.5172754195459035
LOS AHUEHUETES,71,61,3,1,5,1,0,0.0,52.870758,31.1,0.0,26.435379,3.504442250740375
PEPE GUIZAR,26,17,7,0,2,0,0,0.0,52.870758,31.1,0.0,26.435379,1.2833168805528135
MARIA C. BANCALARI,46,37,2,0,6,1,0,0.0,52.870758,31.1,0.0,26.435379,2.270483711747285
RIO BALSAS,48,38,5,1,4,0,0,0.0,52.870758,31.1,0.0,26.435379,2.3692003948667324
ESTRECHO,7,7,0,0,0,0,0,0.0,52.870758,31.1,0.0,26.435379,0.3455083909180652
LORENZO ENCINAS,4,4,0,0,0,0,0,0.0,52.870758,31.1,0.0,26.435379,0.19743336623889435
RIO MEDELLIN,17,12,2,0,2,1,0,0.0,52.870758,31.1,0.0,26.435379,0.839091806515301
SAN DIEGO,19,17,0,0,0,2,0,0.0,52.870758,31.1,0.0,26.435379,0.9378084896347483
FRAY ANTONIO ALCALDE,407,366,12,0,24,5,0,0.0,52.870758,31.1,0.0,26.435379,20.088845014807504
HACIENDA CITALA,7,7,0,0,0,0,0,0.0,52.870758,31.1,0.0,26.435379,0.3455083909180652
FEDERICO E. IBARRA,45,29,6,0,9,1,0,0.0,52.870758,31.1,0.0,26.435379,2.2211253701875617
GRECIA,163,157,2,0,3,1,0,0.0,52.870758,31.1,0.0,26.435379,8.045409674234946
VOLCAN SAN FRANCISCO,41,26,5,0,10,0,0,0.0,52.870758,31.1,0.0,26.435379,2.023692003948667
AVENIDA DE LA ESCULTURA,22,11,3,0,8,0,0,0.0,52.870758,31.1,0.0,26.435379,1.085883514313919
CAPORALES,10,7,1,0,2,0,0,0.0,52.870758,31.1,0.0,26.435379,0.4935834155972359
PALMA SOLA,52,43,2,0,6,1,0,0.0,52.870758,31.1,0.0,26.435379,2.566633761105627
ENRIQUE GRANADOS,45,35,7,0,3,0,0,0.0,52.870758,31.1,0.0,26.435379,2.2211253701875617
CHAMIZAL,282,234,9,0,34,5,0,0.0,52.870758,31.1,0.0,26.435379,13.919052319842054
MANUEL MARTINEZ VALADEZ,18,14,1,0,1,2,0,0.0,52.870758,31.1,0.0,26.435379,0.8884501480750246
ISLA CARTAGENA,16,12,1,0,3,0,0,0.0,52.870758,31.1,0.0,26.435379,0.7897334649555774
MIRAFLORES,20,15,3,0,2,0,0,0.0,52.870758,31.1,0.0,26.435379,0.9871668311944718
JOSE MARIA CORDERO,5,2,2,0,1,0,0,0.0,52.870758,31.1,0.0,26.435379,0.24679170779861795
JOSE PALOMAR,24,21,0,0,3,0,0,0.0,52.870758,31.1,0.0,26.435379,1.1846001974333662
PENA COLORADA,1,1,0,0,0,0,0,0.0,52.870758,31.1,0.0,26.435379,0.04935834155972359
SOLEDAD CALLEJA,11,5,3,0,3,0,0,0.0,52.870758,31.1,0.0,26.435379,0.5429417571569595
HACIENDA DEL CORTIJO,9,6,2,0,1,0,0,0.0,52.870758,31.1,0.0,26.435379,0.4442250740375123
SAN EUSTAQUIO,4,3,1,0,0,0,0,0.0,52.870758,31.1,0.0,26.435379,0.19743336623889435
FRANCISCO MATEOS,13,10,1,0,2,0,0,0.0,52.870758,31.1,0.0,26.435379,0.6416584402764067
LINCOLN,10,9,0,0,0,1,0,0.0,52.870758,31.1,0.0,26.435379,0.4935834155972359
JOAQUIN GARZA LEAL,6,5,1,0,0,0,0,0.0,52.870758,31.1,0.0,26.435379,0.29615004935834155
JUAN BAUTISTA CEBALLOS,52,32,9,0,9,2,0,0.0,52.870758,31.1,0.0,26.435379,2.566633761105627
PRESA DEL INFIERNILLO,16,9,6,0,1,0,0,0.0,52.870758,31.1,0.0,26.435379,0.7897334649555774
FRANCISCO HUIZAR,112,81,11,0,18,2,0,0.0,52.870758,31.1,0.0,26.435379,5.528134254689043
LAURA APODACA,39,26,8,0,4,1,0,0.0,52.870758,31.1,0.0,26.435379,1.9249753208292202
HACIENDA DE LOS POZOS,12,8,3,0,0,1,0,0.0,52.870758,31.1,0.0,26.435379,0.5923000987166831
JOSEFINA ROJAS,39,29,6,0,3,1,0,0.0,52.870758,31.1,0.0,26.435379,1.9249753208292202
PLUTARCO ELIAS CALLES,264,215,22,1,23,3,0,0.0,52.870758,31.1,0.0,26.435379,13.030602171767027
ISLA COZUMEL,126,101,8,0,15,2,0,0.0,52.870758,31.1,0.0,26.435379,6.219151036525173
VALENCIA,18,16,1,0,0,1,0,0.0,52.870758,31.1,0.0,26.435379,0.8884501480750246
GREGORIO BARRUETA,11,8,3,0,0,0,0,0.0,52.870758,31.1,0.0,26.435379,0.5429417571569595
MARIA DEL CARMEN FRIAS,63,45,9,1,8,0,0,0.0,52.870758,31.1,0.0,26.435379,3.1095755182625866
LEONOR PINTADO,30,22,7,0,0,1,0,0.0,52.870758,31.1,0.0,26.435379,1.4807502467917077
MARTIN MACIAS,56,43,4,0,6,3,0,0.0,52.870758,31.1,0.0,26.435379,2.7640671273445214
VICTORIA NAVARRO,28,20,3,0,4,1,0,0.0,52.870758,31.1,0.0,26.435379,1.3820335636722607
SIERRA MORENA,49,32,6,0,10,1,0,0.0,52.870758,31.1,0.0,26.435379,2.4185587364264562
SOR JUANA INES DE LA CRUZ,82,70,5,0,4,3,0,0.0,52.870758,31.1,0.0,26.435379,4.047384007897334
SALVADOR QUEVEDO Y ZUBIETA,68,49,1,0,16,2,0,0.0,52.870758,31.1,0.0,26.435379,3.356367226061204
ISLAS HEBRIDAS,33,29,2,1,1,0,0,0.0,52.870758,31.1,0.0,26.435379,1.6288252714708784
OBOLO,7,4,0,0,2,1,0,0.0,52.870758,31.1,0.0,26.435379,0.3455083909180652
HACIENDA SAN RAMON,14,11,3,0,0,0,0,0.0,52.870758,31.1,0.0,26.435379,0.6910167818361304
JOSE MARIA DE LA VEGA,73,60,7,0,6,0,0,0.0,52.870758,31.1,0.0,26.435379,3.603158933859822
MANUEL GONZALEZ,29,20,4,0,4,1,0,0.0,52.870758,31.1,0.0,26.435379,1.4313919052319843
J. JESUS ORTIZ,51,42,3,0,5,1,0,0.0,52.870758,31.1,0.0,26.435379,2.5172754195459035
RIO CHAMPOTON,10,7,1,0,2,0,0,0.0,52.870758,31.1,0.0,26.435379,0.4935834155972359
J. JOSE JUSTO ALVAREZ,17,14,2,0,0,1,0,0.0,52.870758,31.1,0.0,26.435379,0.839091806515301
MANUEL VARELA,22,18,1,0,3,0,0,0.0,52.870758,31.1,0.0,26.435379,1.085883514313919
HACIENDA DE COFRADIA,12,8,1,0,3,0,0,0.0,52.870758,31.1,0.0,26.435379,0.5923000987166831
ANADE,3,3,0,0,0,0,0,0.0,52.870758,31.1,0.0,26.435379,0.14807502467917077
LAGUNITAS,59,44,10,0,4,1,0,0.0,52.870758,31.1,0.0,26.435379,2.912142152023692
FRANCISCO VERDIN,20,17,2,0,0,1,0,0.0,52.870758,31.1,0.0,26.435379,0.9871668311944718
SALVADOR LOPEZ CHAVEZ,87,70,4,0,12,1,0,0.0,52.870758,31.1,0.0,26.435379,4.294175715695952
SIERRA MADRE,129,100,10,1,13,5,0,0.0,52.870758,31.1,0.0,26.435379,6.367226061204343
JARDINES DE SAN FRANCISCO,65,44,5,1,12,3,0,0.0,52.870758,31.1,0.0,26.435379,3.2082922013820334
AVENIDA DE LA PINTURA,43,32,4,0,6,1,0,0.0,52.870758,31.1,0.0,26.435379,2.1224086870681145
NICOLAS REGULES,73,45,3,0,23,2,0,0.0,52.870758,31.1,0.0,26.435379,3.603158933859822
JUAN CARRASCO,13,7,5,0,1,0,0,0.0,52.870758,31.1,0.0,26.435379,0.6416584402764067
HACIENDA EL LENCERO,7,5,2,0,0,0,0,0.0,52.870758,31.1,0.0,26.435379,0.3455083909180652
MILANO,30,22,4,0,4,0,0,0.0,52.870758,31.1,0.0,26.435379,1.4807502467917077
LOPEZ PORTILLO,20,13,1,0,5,1,0,0.0,52.870758,31.1,0.0,26.435379,0.9871668311944718
HACIENDA ARROYO DE ENMEDIO,30,21,4,0,5,0,0,0.0,52.870758,31.1,0.0,26.435379,1.4807502467917077
JOSE ARTEAGA,50,34,10,0,2,4,0,0.0,52.870758,31.1,0.0,26.435379,2.4679170779861797
JOSE PABLO MONCAYO,19,15,1,0,2,1,0,0.0,52.870758,31.1,0.0,26.435379,0.9378084896347483
AGUSTIN DE ITURBIDE,25,22,0,0,2,1,0,0.0,52.870758,31.1,0.0,26.435379,1.2339585389930898
JUAN BAUTISTA DIAZ CALVILLO,3,3,0,0,0,0,0,0.0,52.870758,31.1,0.0,26.435379,0.14807502467917077
TATA NACHO,1,1,0,0,0,0,0,0.0,52.870758,31.1,0.0,26.435379,0.04935834155972359
PITAGORAS,25,22,2,0,1,0,0,0.0,52.870758,31.1,0.0,26.435379,1.2339585389930898
PONCITLAN,4,3,1,0,0,0,0,0.0,52.870758,31.1,0.0,26.435379,0.19743336623889435
BENIGNO NOGUEIRA,3,2,1,0,0,0,0,0.0,52.870758,31.1,0.0,26.435379,0.14807502467917077
NAZARETH,36,30,3,0,2,1,0,0.0,52.870758,31.1,0.0,26.435379,1.7769002961500493
QUERETARO,2,1,1,0,0,0,0,0.0,52.870758,31.1,0.0,26.435379,0.09871668311944717
JULIO RIOS,5,3,2,0,0,0,0,0.0,52.870758,31.1,0.0,26.435379,0.24679170779861795
CALVILLO,3,3,0,0,0,0,0,0.0,52.870758,31.1,0.0,26.435379,0.14807502467917077
ARTICULO 123,7,4,1,0,2,0,0,0.0,52.870758,31.1,0.0,26.435379,0.3455083909180652
REFUGIO RUBIO,24,16,4,0,4,0,0,0.0,52.870758,31.1,0.0,26.435379,1.1846001974333662
ARTURO JAVIER GONZALEZ,5,4,1,0,0,0,0,0.0,52.870758,31.1,0.0,26.435379,0.24679170779861795
MANUEL ALVAREZ R.,26,22,4,0,0,0,0,0.0,52.870758,31.1,0.0,26.435379,1.2833168805528135
MONTE ACONCAGUA,18,15,2,0,0,1,0,0.0,52.870758,31.1,0.0,26.435379,0.8884501480750246
EUCALIPTO,94,71,17,0,5,1,0,0.0,52.870758,31.1,0.0,26.435379,4.639684106614018
SAN INOCENCIO,24,19,3,0,1,1,0,0.0,52.870758,31.1,0.0,26.435379,1.1846001974333662
PINA,61,51,7,0,3,0,0,0.0,52.870758,31.1,0.0,26.435379,3.0108588351431393
HORNOS,5,3,2,0,0,0,0,0.0,52.870758,31.1,0.0,26.435379,0.24679170779861795
MANUEL R. ALATORRE,98,65,10,0,18,5,0,0.0,52.870758,31.1,0.0,26.435379,4.8371174728529125
SAN EDUARDO,5,4,1,0,0,0,0,0.0,52.870758,31.1,0.0,26.435379,0.24679170779861795
CAYETANO ESTEVA,49,37,11,0,0,1,0,0.0,52.870758,31.1,0.0,26.435379,2.4185587364264562
ALBERTO CORREA,42,33,8,0,1,0,0,0.0,52.870758,31.1,0.0,26.435379,2.073050345508391
SAN ISIDRO,18,12,4,1,1,0,0,0.0,52.870758,31.1,0.0,26.435379,0.8884501480750246
ARTES PLASTICAS (SUR),46,37,2,0,4,3,0,0.0,52.870758,31.1,0.0,26.435379,2.270483711747285
NEPTUNO,1,1,0,0,0,0,0,0.0,52.870758,31.1,0.0,26.435379,0.04935834155972359
MANUEL ALMENDARIZ,9,6,3,0,0,0,0,0.0,52.870758,31.1,0.0,26.435379,0.4442250740375123
PRESA LAUREL,239,193,13,1,27,5,0,0.0,52.870758,31.1,0.0,26.435379,11.796643632773938
HACIENDA LA QUEMADA,91,85,4,0,2,0,0,0.0,52.870758,31.1,0.0,26.435379,4.491609081934847
JOSE LUIS VELASCO,15,12,2,0,1,0,0,0.0,52.870758,31.1,0.0,26.435379,0.7403751233958539
CALDERON,5,5,0,0,0,0,0,0.0,52.870758,31.1,0.0,26.435379,0.24679170779861795
ECUADOR,3,2,0,0,1,0,0,0.0,52.870758,31.1,0.0,26.435379,0.14807502467917077
PASEO PEDRO CIPRES,8,7,1,0,0,0,0,0.0,52.870758,31.1,0.0,26.435379,0.3948667324777887
MIGUEL URIBE,8,5,2,0,1,0,0,0.0,52.870758,31.1,0.0,26.435379,0.3948667324777887
VULCANO,3,3,0,0,0,0,0,0.0,52.870758,31.1,0.0,26.435379,0.14807502467917077
CARLOS PACHECO,6,2,2,0,1,1,0,0.0,52.870758,31.1,0.0,26.435379,0.29615004935834155
FERMIN RIVERA,26,21,2,0,2,1,0,0.0,52.870758,31.1,0.0,26.435379,1.2833168805528135
MIGUEL TOPETE,21,17,2,0,2,0,0,0.0,52.870758,31.1,0.0,26.435379,1.0365251727541955
ALFONSO RODRIGUEZ,5,3,2,0,0,0,0,0.0,52.870758,31.1,0.0,26.435379,0.24679170779861795
JAVIER SANTAMARIA,10,7,2,0,1,0,0,0.0,52.870758,31.1,0.0,26.435379,0.4935834155972359
AMERICO VESPUCIO,36,29,4,0,3,0,0,0.0,52.870758,31.1,0.0,26.435379,1.7769002961500493
HOREB,2,2,0,0,0,0,0,0.0,52.870758,31.1,0.0,26.435379,0.09871668311944717
NICARAGUA,4,4,0,0,0,0,0,0.0,52.870758,31.1,0.0,26.435379,0.19743336623889435
FRANCISCO FRANCO,24,17,5,0,2,0,0,0.0,52.870758,31.1,0.0,26.435379,1.1846001974333662
36 GUILLERMO BACA,67,55,4,1,6,1,0,0.0,52.870758,31.1,0.0,26.435379,3.3070088845014807
ISLA GALITE,1,1,0,0,0,0,0,0.0,52.870758,31.1,0.0,26.435379,0.04935834155972359
BETLEN,69,51,6,0,10,2,0,0.0,52.870758,31.1,0.0,26.435379,3.405725567620928
FRANZ LISZT,3,3,0,0,0,0,0,0.0,52.870758,31.1,0.0,26.435379,0.14807502467917077
BETHSUR,10,3,5,0,2,0,0,0.0,52.870758,31.1,0.0,26.435379,0.4935834155972359
CARLOS CABANILLAS,17,13,3,0,1,0,0,0.0,52.870758,31.1,0.0,26.435379,0.839091806515301
JUSTO CORRO,100,81,5,1,9,4,0,0.0,52.870758,31.1,0.0,26.435379,4.935834155972359
SALTO DEL AGUA,23,22,0,0,1,0,0,0.0,52.870758,31.1,0.0,26.435379,1.1352418558736426
AHORRO,48,33,4,0,10,1,0,0.0,52.870758,31.1,0.0,26.435379,2.3692003948667324
NUEZ,62,46,14,0,2,0,0,0.0,52.870758,31.1,0.0,26.435379,3.0602171767028628
REAL,3,2,1,0,0,0,0,0.0,52.870758,31.1,0.0,26.435379,0.14807502467917077
IGNACIO CAMARENA R.,8,6,1,0,1,0,0,0.0,52.870758,31.1,0.0,26.435379,0.3948667324777887
CAMINO REAL,11,7,2,0,1,1,0,0.0,52.870758,31.1,0.0,26.435379,0.5429417571569595
TARRAGONA,21,17,1,0,3,0,0,0.0,52.870758,31.1,0.0,26.435379,1.0365251727541955
FRIAS,55,40,7,0,7,1,0,0.0,52.870758,31.1,0.0,26.435379,2.7147087857847976
RAFAEL MOLINA,33,22,9,0,2,0,0,0.0,52.870758,31.1,0.0,26.435379,1.6288252714708784
ISLA MALDEN,2,1,0,0,1,0,0,0.0,52.870758,31.1,0.0,26.435379,0.09871668311944717
JUAN B. BERDEJA,30,27,2,0,1,0,0,0.0,52.870758,31.1,0.0,26.435379,1.4807502467917077
AGUSTIN MELGAR,9,3,3,0,3,0,0,0.0,52.870758,31.1,0.0,26.435379,0.4442250740375123
GENERAL ERNESTO AGUIRRE COLORADO,3,3,0,0,0,0,0,0.0,52.870758,31.1,0.0,26.435379,0.14807502467917077
PILAR R. SANCHEZ,4,2,1,0,1,0,0,0.0,52.870758,31.1,0.0,26.435379,0.19743336623889435
ALGODON,23,14,2,0,6,1,0,0.0,52.870758,31.1,0.0,26.435379,1.1352418558736426
BAUDELIO VELA,14,14,0,0,0,0,0,0.0,52.870758,31.1,0.0,26.435379,0.6910167818361304
HACIENDA COFRADIA DEL ROSARIO,22,17,3,0,2,0,0,0.0,52.870758,31.1,0.0,26.435379,1.085883514313919
SAN GASPAR,6,5,0,0,1,0,0,0.0,52.870758,31.1,0.0,26.435379,0.29615004935834155
POTRERO DEL LLANO,54,34,2,0,12,6,0,0.0,52.870758,31.1,0.0,26.435379,2.665350444225074
GENERAL ANAYA,3,3,0,0,0,0,0,0.0,52.870758,31.1,0.0,26.435379,0.14807502467917077
HACIENDA OBLATOS,9,6,3,0,0,0,0,0.0,52.870758,31.1,0.0,26.435379,0.4442250740375123
EGIPTO,59,39,14,0,3,3,0,0.0,52.870758,31.1,0.0,26.435379,2.912142152023692
SAN ARISTEO,10,6,2,0,2,0,0,0.0,52.870758,31.1,0.0,26.435379,0.4935834155972359
APOLONIO MORENO,19,10,8,0,0,1,0,0.0,52.870758,31.1,0.0,26.435379,0.9378084896347483
ACUARELAS,3,2,1,0,0,0,0,0.0,52.870758,31.1,0.0,26.435379,0.14807502467917077
J. PERFECTO LOMELI,5,4,1,0,0,0,0,0.0,52.870758,31.1,0.0,26.435379,0.24679170779861795
JUAN ZUAZUA,27,22,4,0,1,0,0,0.0,52.870758,31.1,0.0,26.435379,1.332675222112537
J. GONZALEZ CAMARENA,13,12,0,0,0,1,0,0.0,52.870758,31.1,0.0,26.435379,0.6416584402764067
TELEGRAFISTAS,16,7,5,0,3,1,0,0.0,52.870758,31.1,0.0,26.435379,0.7897334649555774
JERIMOTH,14,13,1,0,0,0,0,0.0,52.870758,31.1,0.0,26.435379,0.6910167818361304
14,107,85,5,0,13,4,0,0.0,52.870758,31.1,0.0,26.435379,5.281342546890425
SAN CARLOS,14,11,2,0,1,0,0,0.0,52.870758,31.1,0.0,26.435379,0.6910167818361304
ANA MARIA GALLAGA,7,7,0,0,0,0,0,0.0,52.870758,31.1,0.0,26.435379,0.3455083909180652
MOLINO DEL REY,1,1,0,0,0,0,0,0.0,52.870758,31.1,0.0,26.435379,0.04935834155972359
FRANCISCO TEJEDA,15,12,3,0,0,0,0,0.0,52.870758,31.1,0.0,26.435379,0.7403751233958539
RICARDO CASTRO,5,2,2,0,1,0,0,0.0,52.870758,31.1,0.0,26.435379,0.24679170779861795
SALVADOR MOTA,4,3,1,0,0,0,0,0.0,52.870758,31.1,0.0,26.435379,0.19743336623889435
AMBAR,4,3,1,0,0,0,0,0.0,52.870758,31.1,0.0,26.435379,0.19743336623889435
JULIAN CARRILLO,68,51,9,1,7,0,0,0.0,52.870758,31.1,0.0,26.435379,3.356367226061204
JOSE MARIA SARMIENTO,10,7,3,0,0,0,0,0.0,52.870758,31.1,0.0,26.435379,0.4935834155972359
RIO MASCOTA,101,81,2,0,15,3,0,0.0,52.870758,31.1,0.0,26.435379,4.985192497532083
BETANIA,16,11,1,0,3,1,0,0.0,52.870758,31.1,0.0,26.435379,0.7897334649555774
ZACARIAS RUBIO R.,20,14,3,0,3,0,0,0.0,52.870758,31.1,0.0,26.435379,0.9871668311944718
JOSE MARIA BEAR,2,2,0,0,0,0,0,0.0,52.870758,31.1,0.0,26.435379,0.09871668311944717
MANUEL SANTA MARIA,6,6,0,0,0,0,0,0.0,52.870758,31.1,0.0,26.435379,0.29615004935834155
MARIANO BARCENA,101,87,6,0,5,3,0,0.0,52.870758,31.1,0.0,26.435379,4.985192497532083
BETSAYDA,68,58,8,0,1,1,0,0.0,52.870758,31.1,0.0,26.435379,3.356367226061204
RIO CONCHOS,12,11,0,0,1,0,0,0.0,52.870758,31.1,0.0,26.435379,0.5923000987166831
AMADO AGUIRRE,22,17,4,0,1,0,0,0.0,52.870758,31.1,0.0,26.435379,1.085883514313919
MARTIN GONZALEZ,14,9,3,0,2,0,0,0.0,52.870758,31.1,0.0,26.435379,0.6910167818361304
VOLCAN MISTI,15,11,1,0,2,1,0,0.0,52.870758,31.1,0.0,26.435379,0.7403751233958539
MARIA BENITEZ,91,72,9,0,8,2,0,0.0,52.870758,31.1,0.0,26.435379,4.491609081934847
2 DE ABRIL,29,25,3,0,1,0,0,0.0,52.870758,31.1,0.0,26.435379,1.4313919052319843
FRIJOL,21,17,3,0,1,0,0,0.0,52.870758,31.1,0.0,26.435379,1.0365251727541955
FERRERIA,18,10,2,0,6,0,0,0.0,52.870758,31.1,0.0,26.435379,0.8884501480750246
MANUEL PORTILLO,20,16,1,0,3,0,0,0.0,52.870758,31.1,0.0,26.435379,0.9871668311944718
ISLA POMONA,36,29,1,0,5,1,0,0.0,52.870758,31.1,0.0,26.435379,1.7769002961500493
RIO SAN JUAN DE DIOS,39,31,5,0,3,0,0,0.0,52.870758,31.1,0.0,26.435379,1.9249753208292202
CALLE DEL FEDERALISMO NORTE,64,54,3,0,6,1,0,0.0,52.870758,31.1,0.0,26.435379,3.1589338598223096
RAFAEL GARCIA,1,1,0,0,0,0,0,0.0,52.870758,31.1,0.0,26.435379,0.04935834155972359
ANDRES TAMAYO,33,26,1,0,5,1,0,0.0,52.870758,31.1,0.0,26.435379,1.6288252714708784
HACIENDA DE LOS LAURELES,18,13,2,0,3,0,0,0.0,52.870758,31.1,0.0,26.435379,0.8884501480750246
LUIS CABRERA,14,12,1,0,0,1,0,0.0,52.870758,31.1,0.0,26.435379,0.6910167818361304
RIVERA,7,5,2,0,0,0,0,0.0,52.870758,31.1,0.0,26.435379,0.3455083909180652
ROSA NAVARRO,11,5,3,0,3,0,0,0.0,52.870758,31.1,0.0,26.435379,0.5429417571569595
JOSE OTHON NUNEZ,9,6,2,0,0,1,0,0.0,52.870758,31.1,0.0,26.435379,0.4442250740375123
EL ROCIO,1,1,0,0,0,0,0,0.0,52.870758,31.1,0.0,26.435379,0.04935834155972359
PEDRO TOBOADA,5,5,0,0,0,0,0,0.0,52.870758,31.1,0.0,26.435379,0.24679170779861795
RAFAEL DELGADO,29,26,1,0,2,0,0,0.0,52.870758,31.1,0.0,26.435379,1.4313919052319843
JOSE MANCISIDOR,17,12,1,0,4,0,0,0.0,52.870758,31.1,0.0,26.435379,0.839091806515301
ANGEL PADILLA,1,1,0,0,0,0,0,0.0,52.870758,31.1,0.0,26.435379,0.04935834155972359
RIO TUXCUECA,9,6,1,0,2,0,0,0.0,52.870758,31.1,0.0,26.435379,0.4442250740375123
SAN MELCHOR,7,4,2,0,1,0,0,0.0,52.870758,31.1,0.0,26.435379,0.3455083909180652
1,69,61,5,0,2,1,0,0.0,52.870758,31.1,0.0,26.435379,3.405725567620928
HACIENDA DEL CASTILLO,18,14,3,0,1,0,0,0.0,52.870758,31.1,0.0,26.435379,0.8884501480750246
5 DE FEBRERO,268,235,9,0,21,3,0,0.0,52.870758,31.1,0.0,26.435379,13.228035538005923
MARIA MARES,45,29,11,0,4,1,0,0.0,52.870758,31.1,0.0,26.435379,2.2211253701875617
DEGOLLADO,58,47,2,0,8,1,0,0.0,52.870758,31.1,0.0,26.435379,2.8627838104639687
HAITI,12,10,1,0,1,0,0,0.0,52.870758,31.1,0.0,26.435379,0.5923000987166831
MIGUEL LERDO DE TEJADA,14,11,2,0,1,0,0,0.0,52.870758,31.1,0.0,26.435379,0.6910167818361304
JOSE MARIA MAYTORENA,4,2,2,0,0,0,0,0.0,52.870758,31.1,0.0,26.435379,0.19743336623889435
MIGUEL CASTELLANOS,16,9,4,0,2,1,0,0.0,52.870758,31.1,0.0,26.435379,0.7897334649555774
CERRO DE LA CAMPANA,30,22,5,0,1,2,0,0.0,52.870758,31.1,0.0,26.435379,1.4807502467917077
MANUEL PUGA Y ACAL,19,16,1,0,2,0,0,0.0,52.870758,31.1,0.0,26.435379,0.9378084896347483
PENJAMO,1,1,0,0,0,0,0,0.0,52.870758,31.1,0.0,26.435379,0.04935834155972359
ORION,1,1,0,0,0,0,0,0.0,52.870758,31.1,0.0,26.435379,0.04935834155972359
MARIA ELENA MAZA,20,16,4,0,0,0,0,0.0,52.870758,31.1,0.0,26.435379,0.9871668311944718
VOLCAN CANDAVARE,9,6,1,0,2,0,0,0.0,52.870758,31.1,0.0,26.435379,0.4442250740375123
ISLA MARTINICA,20,17,1,0,2,0,0,0.0,52.870758,31.1,0.0,26.435379,0.9871668311944718
LUIS M. FREGOSO,23,16,3,0,2,2,0,0.0,52.870758,31.1,0.0,26.435379,1.1352418558736426
SANTOS DEGOLLADO,13,11,2,0,0,0,0,0.0,52.870758,31.1,0.0,26.435379,0.6416584402764067
VOLCAN USULUTAN,16,14,2,0,0,0,0,0.0,52.870758,31.1,0.0,26.435379,0.7897334649555774
MOZART,2,1,1,0,0,0,0,0.0,52.870758,31.1,0.0,26.435379,0.09871668311944717
ZANZIBAR,21,16,0,0,4,1,0,0.0,52.870758,31.1,0.0,26.435379,1.0365251727541955
FRANZ JOSEPH HAYDN,2,2,0,0,0,0,0,0.0,52.870758,31.1,0.0,26.435379,0.09871668311944717
VOLCAN TELICA,10,9,0,0,0,1,0,0.0,52.870758,31.1,0.0,26.435379,0.4935834155972359
QUIMICOS,5,3,1,0,1,0,0,0.0,52.870758,31.1,0.0,26.435379,0.24679170779861795
JOSE MARIA LAFRAGUA,39,31,2,0,6,0,0,0.0,52.870758,31.1,0.0,26.435379,1.9249753208292202
RAMON ROCHA,2,1,1,0,0,0,0,0.0,52.870758,31.1,0.0,26.435379,0.09871668311944717
LUIS COVARRUBIAS,69,54,7,0,5,3,0,0.0,52.870758,31.1,0.0,26.435379,3.405725567620928
LA LENA,8,6,0,0,1,1,0,0.0,52.870758,31.1,0.0,26.435379,0.3948667324777887
RAFAEL BUELNA,10,6,2,0,2,0,0,0.0,52.870758,31.1,0.0,26.435379,0.4935834155972359
HACIENDA LOS BELENES,37,24,8,0,5,0,0,0.0,52.870758,31.1,0.0,26.435379,1.826258637709773
ELISA FLORES,28,21,1,0,5,1,0,0.0,52.870758,31.1,0.0,26.435379,1.3820335636722607
IRENE ROBLEDO GARCIA,50,37,8,0,5,0,0,0.0,52.870758,31.1,0.0,26.435379,2.4679170779861797
VENANCIO LEYVA,11,7,3,0,1,0,0,0.0,52.870758,31.1,0.0,26.435379,0.5429417571569595
PABLO QUIROGA ESCAMILLA,9,6,2,0,1,0,0,0.0,52.870758,31.1,0.0,26.435379,0.4442250740375123
ANGEL BARRIOS,23,15,5,0,2,1,0,0.0,52.870758,31.1,0.0,26.435379,1.1352418558736426
FRANCISCO GARCIA,7,5,1,1,0,0,0,0.0,52.870758,31.1,0.0,26.435379,0.3455083909180652
TRINIDAD FAGARAD,6,5,1,0,0,0,0,0.0,52.870758,31.1,0.0,26.435379,0.29615004935834155
RONDALLA,12,10,2,0,0,0,0,0.0,52.870758,31.1,0.0,26.435379,0.5923000987166831
ISLA LUZON,5,5,0,0,0,0,0,0.0,52.870758,31.1,0.0,26.435379,0.24679170779861795
ARCEDIANO,3,2,1,0,0,0,0,0.0,52.870758,31.1,0.0,26.435379,0.14807502467917077
MIGUEL BRAVO,26,22,2,0,1,1,0,0.0,52.870758,31.1,0.0,26.435379,1.2833168805528135
SAN ALFONSO,35,25,7,0,0,3,0,0.0,52.870758,31.1,0.0,26.435379,1.7275419545903257
CRUZ GALVEZ,11,8,2,0,1,0,0,0.0,52.870758,31.1,0.0,26.435379,0.5429417571569595
AVENIDA DEL BARRO,1,1,0,0,0,0,0,0.0,52.870758,31.1,0.0,26.435379,0.04935834155972359
RAMON ALCORTA,8,8,0,0,0,0,0,0.0,52.870758,31.1,0.0,26.435379,0.3948667324777887
HACIENDA LA ERRE,16,7,8,0,1,0,0,0.0,52.870758,31.1,0.0,26.435379,0.7897334649555774
URUGUAY,18,15,1,0,2,0,0,0.0,52.870758,31.1,0.0,26.435379,0.8884501480750246
JARDINES BOTANICOS,14,12,1,0,0,1,0,0.0,52.870758,31.1,0.0,26.435379,0.6910167818361304
MIGUEL EGUILUZ,12,6,3,0,2,1,0,0.0,52.870758,31.1,0.0,26.435379,0.5923000987166831
JOSE RUBEN ROMERO,16,11,2,0,1,2,0,0.0,52.870758,31.1,0.0,26.435379,0.7897334649555774
JARDINES DE BABILONIA,46,25,10,0,10,1,0,0.0,52.870758,31.1,0.0,26.435379,2.270483711747285
RAMON LOPEZ VELARDE,150,119,5,0,21,5,0,0.0,52.870758,31.1,0.0,26.435379,7.4037512339585385
SIERRA LEONA,52,41,4,0,6,1,0,0.0,52.870758,31.1,0.0,26.435379,2.566633761105627
RIO LAGOS,64,49,5,1,7,2,0,0.0,52.870758,31.1,0.0,26.435379,3.1589338598223096
VOLCAN ZACAPU,76,57,9,0,7,3,0,0.0,52.870758,31.1,0.0,26.435379,3.751233958538993
MONTE CALVARIO,21,10,6,0,5,0,0,0.0,52.870758,31.1,0.0,26.435379,1.0365251727541955
VOLCAN POCHUTLA,35,21,9,0,4,1,0,0.0,52.870758,31.1,0.0,26.435379,1.7275419545903257
JOSE AGUSTIN ESCUDERO,6,5,1,0,0,0,0,0.0,52.870758,31.1,0.0,26.435379,0.29615004935834155
MARIA LUISA MARTINEZ,40,29,5,0,6,0,0,0.0,52.870758,31.1,0.0,26.435379,1.9743336623889436
VOLCAN FUJIYAMA,10,6,2,0,2,0,0,0.0,52.870758,31.1,0.0,26.435379,0.4935834155972359
JERONIMO BALLEZA,7,6,1,0,0,0,0,0.0,52.870758,31.1,0.0,26.435379,0.3455083909180652
CIPRIANO CAMPOS,78,51,6,1,14,6,0,0.0,52.870758,31.1,0.0,26.435379,3.8499506416584404
ISLA DE LA PALMA,30,23,2,0,4,1,0,0.0,52.870758,31.1,0.0,26.435379,1.4807502467917077
DIAGONAL MANUEL CAMBRE,39,31,3,0,3,2,0,0.0,52.870758,31.1,0.0,26.435379,1.9249753208292202
ADOLFO CISNEROS,120,93,12,0,10,5,0,0.0,52.870758,31.1,0.0,26.435379,5.923000987166831
PERU,17,14,3,0,0,0,0,0.0,52.870758,31.1,0.0,26.435379,0.839091806515301
AVENIDA DE LA ARQUITECTURA,10,7,1,0,2,0,0,0.0,52.870758,31.1,0.0,26.435379,0.4935834155972359
ALFONSO SAMANO,8,7,1,0,0,0,0,0.0,52.870758,31.1,0.0,26.435379,0.3948667324777887
AGUA BLANCA,4,3,1,0,0,0,0,0.0,52.870758,31.1,0.0,26.435379,0.19743336623889435
CAPERNAUM,11,7,4,0,0,0,0,0.0,52.870758,31.1,0.0,26.435379,0.5429417571569595
DE LA PATRIA,86,69,3,0,14,0,0,0.0,52.870758,31.1,0.0,26.435379,4.244817374136229
ISLA ESPANOLA,10,10,0,0,0,0,0,0.0,52.870758,31.1,0.0,26.435379,0.4935834155972359
4 (MIGUEL MACIAS),2,2,0,0,0,0,0,0.0,52.870758,31.1,0.0,26.435379,0.09871668311944717
JOAQUIN TELLEZ,14,11,3,0,0,0,0,0.0,52.870758,31.1,0.0,26.435379,0.6910167818361304
RAFAEL CAMACHO,23,17,2,0,4,0,0,0.0,52.870758,31.1,0.0,26.435379,1.1352418558736426
CORUNA,1,1,0,0,0,0,0,0.0,52.870758,31.1,0.0,26.435379,0.04935834155972359
BARRANCA,4,1,0,0,0,3,0,0.0,52.870758,31.1,0.0,26.435379,0.19743336623889435
12 DE DICIEMBRE,41,35,3,0,3,0,0,0.0,52.870758,31.1,0.0,26.435379,2.023692003948667
SANTA ROSALIA,10,7,3,0,0,0,0,0.0,52.870758,31.1,0.0,26.435379,0.4935834155972359
RAUL ANGUIANO,9,6,1,0,2,0,0,0.0,52.870758,31.1,0.0,26.435379,0.4442250740375123
MATAMOROS,10,8,1,0,1,0,0,0.0,52.870758,31.1,0.0,26.435379,0.4935834155972359
INGENIERO JOSE JARAMILLO,4,1,2,0,1,0,0,0.0,52.870758,31.1,0.0,26.435379,0.19743336623889435
ONOFRE GOMEZ PORTUGAL,15,9,6,0,0,0,0,0.0,52.870758,31.1,0.0,26.435379,0.7403751233958539
JUAN ALEGRIA,3,2,0,0,1,0,0,0.0,52.870758,31.1,0.0,26.435379,0.14807502467917077
J. J. URIBE GOMEZ,7,4,1,0,2,0,0,0.0,52.870758,31.1,0.0,26.435379,0.3455083909180652
IGNACIO FUENTES,3,3,0,0,0,0,0,0.0,52.870758,31.1,0.0,26.435379,0.14807502467917077
JESUS DIAZ,5,4,1,0,0,0,0,0.0,52.870758,31.1,0.0,26.435379,0.24679170779861795
CENOBIO PANIAGUA,18,10,7,0,1,0,0,0.0,52.870758,31.1,0.0,26.435379,0.8884501480750246
AVENIDA DE LA MUSICA,4,3,1,0,0,0,0,0.0,52.870758,31.1,0.0,26.435379,0.19743336623889435
PAMPLONA,7,3,2,0,2,0,0,0.0,52.870758,31.1,0.0,26.435379,0.3455083909180652
DOMINGO LOAEZA,26,19,4,0,3,0,0,0.0,52.870758,31.1,0.0,26.435379,1.2833168805528135
JOSE MARQUEZ,15,10,5,0,0,0,0,0.0,52.870758,31.1,0.0,26.435379,0.7403751233958539
OSIRIS,14,10,3,0,1,0,0,0.0,52.870758,31.1,0.0,26.435379,0.6910167818361304
SANTIAGO DE VERA,10,7,1,0,1,1,0,0.0,52.870758,31.1,0.0,26.435379,0.4935834155972359
NUEVA ESCOCIA,32,28,0,0,2,2,0,0.0,52.870758,31.1,0.0,26.435379,1.5794669299111548
RIO OCOTLAN,82,62,2,0,14,4,0,0.0,52.870758,31.1,0.0,26.435379,4.047384007897334
CHICAGO,15,11,1,0,3,0,0,0.0,52.870758,31.1,0.0,26.435379,0.7403751233958539
IRINEO PAZ,48,40,5,0,3,0,0,0.0,52.870758,31.1,0.0,26.435379,2.3692003948667324
ARQUITECTURA,12,10,1,0,1,0,0,0.0,52.870758,31.1,0.0,26.435379,0.5923000987166831
PANFILO NATERA,19,12,2,0,4,1,0,0.0,52.870758,31.1,0.0,26.435379,0.9378084896347483
NUBIA,32,25,4,0,3,0,0,0.0,52.870758,31.1,0.0,26.435379,1.5794669299111548
VICENTE YANEZ PINZON,11,7,4,0,0,0,0,0.0,52.870758,31.1,0.0,26.435379,0.5429417571569595
JUAN V. AVILA,1,1,0,0,0,0,0,0.0,52.870758,31.1,0.0,26.435379,0.04935834155972359
AZUCENA,45,40,3,0,2,0,0,0.0,52.870758,31.1,0.0,26.435379,2.2211253701875617
OMACATL,4,4,0,0,0,0,0,0.0,52.870758,31.1,0.0,26.435379,0.19743336623889435
MAR ROJO,46,35,3,0,7,1,0,0.0,52.870758,31.1,0.0,26.435379,2.270483711747285
JILGUERO,7,5,1,0,1,0,0,0.0,52.870758,31.1,0.0,26.435379,0.3455083909180652
JUAN J. ESPINOZA,3,2,1,0,0,0,0,0.0,52.870758,31.1,0.0,26.435379,0.14807502467917077
JOSE ROLON,18,14,3,0,1,0,0,0.0,52.870758,31.1,0.0,26.435379,0.8884501480750246
16 (LAURA MENDEZ),20,15,1,1,3,0,0,0.0,52.870758,31.1,0.0,26.435379,0.9871668311944718
OTILIO MOTANO,7,3,2,0,2,0,0,0.0,52.870758,31.1,0.0,26.435379,0.3455083909180652
ISLA MINTANAO,2,2,0,0,0,0,0,0.0,52.870758,31.1,0.0,26.435379,0.09871668311944717
PIANOSA,11,9,1,0,0,1,0,0.0,52.870758,31.1,0.0,26.435379,0.5429417571569595
MARIANO JIMENEZ,115,95,9,0,10,1,0,0.0,52.870758,31.1,0.0,26.435379,5.676209279368213
JADE,14,13,1,0,0,0,0,0.0,52.870758,31.1,0.0,26.435379,0.6910167818361304
VOLCAN SAJAMA,17,11,3,0,1,2,0,0.0,52.870758,31.1,0.0,26.435379,0.839091806515301
HORUS,5,3,1,0,0,1,0,0.0,52.870758,31.1,0.0,26.435379,0.24679170779861795
CESAR CANTU,6,3,0,0,2,1,0,0.0,52.870758,31.1,0.0,26.435379,0.29615004935834155
PUEBLO MEXICANO,2,1,0,0,1,0,0,0.0,52.870758,31.1,0.0,26.435379,0.09871668311944717
ESPERANZA,36,26,10,0,0,0,0,0.0,52.870758,31.1,0.0,26.435379,1.7769002961500493
VOLCAN TANCITARO,38,25,7,0,4,2,0,0.0,52.870758,31.1,0.0,26.435379,1.8756169792694966
MONTE PARNASO,135,112,7,0,13,3,0,0.0,52.870758,31.1,0.0,26.435379,6.663376110562686
PORTALEGRE,6,4,2,0,0,0,0,0.0,52.870758,31.1,0.0,26.435379,0.29615004935834155
FRANCISCO LANDEROS,3,1,2,0,0,0,0,0.0,52.870758,31.1,0.0,26.435379,0.14807502467917077
JOSE RAMON,2,2,0,0,0,0,0,0.0,52.870758,31.1,0.0,26.435379,0.09871668311944717
ACERINA,5,4,0,0,1,0,0,0.0,52.870758,31.1,0.0,26.435379,0.24679170779861795
AVELINO M. PRESA,12,11,1,0,0,0,0,0.0,52.870758,31.1,0.0,26.435379,0.5923000987166831
PENSIONES,3,2,0,0,1,0,0,0.0,52.870758,31.1,0.0,26.435379,0.14807502467917077
A. DE LA CUEVA,1,1,0,0,0,0,0,0.0,52.870758,31.1,0.0,26.435379,0.04935834155972359
DIAGONAL NAJERA HERRERA,8,8,0,0,0,0,0,0.0,52.870758,31.1,0.0,26.435379,0.3948667324777887
RAFAEL DE LA VEGA,7,5,0,0,2,0,0,0.0,52.870758,31.1,0.0,26.435379,0.3455083909180652
ISIDRO OLVERA,18,15,2,0,1,0,0,0.0,52.870758,31.1,0.0,26.435379,0.8884501480750246
JORULLO,19,16,0,1,2,0,0,0.0,52.870758,31.1,0.0,26.435379,0.9378084896347483
JOSE PANTOJA GOMEZ,17,10,6,0,1,0,0,0.0,52.870758,31.1,0.0,26.435379,0.839091806515301
SAN LORENZO,22,16,4,0,2,0,0,0.0,52.870758,31.1,0.0,26.435379,1.085883514313919
ISLA BARLOVENTO,19,15,1,0,2,1,0,0.0,52.870758,31.1,0.0,26.435379,0.9378084896347483
RAMON GARCES,16,9,7,0,0,0,0,0.0,52.870758,31.1,0.0,26.435379,0.7897334649555774
MIGUEL N. LIRA,3,2,1,0,0,0,0,0.0,52.870758,31.1,0.0,26.435379,0.14807502467917077
ALEJANDRIA,1,1,0,0,0,0,0,0.0,52.870758,31.1,0.0,26.435379,0.04935834155972359
JORNAL,10,8,1,0,1,0,0,0.0,52.870758,31.1,0.0,26.435379,0.4935834155972359
HACIENDA ATEQUIZA,7,5,1,0,1,0,0,0.0,52.870758,31.1,0.0,26.435379,0.3455083909180652
HACIENDA LA AURORA,10,8,1,0,1,0,0,0.0,52.870758,31.1,0.0,26.435379,0.4935834155972359
CELESTINO NEGRETE,7,4,3,0,0,0,0,0.0,52.870758,31.1,0.0,26.435379,0.3455083909180652
HACIENDA DE NAVAJAS,6,5,1,0,0,0,0,0.0,52.870758,31.1,0.0,26.435379,0.29615004935834155
SAN VICTOR,1,1,0,0,0,0,0,0.0,52.870758,31.1,0.0,26.435379,0.04935834155972359
HACIENDA DE CALDERON,9,5,2,0,2,0,0,0.0,52.870758,31.1,0.0,26.435379,0.4442250740375123
SAN ILDEFONSO,62,43,9,0,10,0,0,0.0,52.870758,31.1,0.0,26.435379,3.0602171767028628
MONTE LA LUNA,63,45,5,0,11,2,0,0.0,52.870758,31.1,0.0,26.435379,3.1095755182625866
FLORENCIO ACOSTA,2,2,0,0,0,0,0,0.0,52.870758,31.1,0.0,26.435379,0.09871668311944717
SABIDURIA,31,26,4,0,1,0,0,0.0,52.870758,31.1,0.0,26.435379,1.5301085883514314
SAN CELSO,1,1,0,0,0,0,0,0.0,52.870758,31.1,0.0,26.435379,0.04935834155972359
MARIPOSA,68,66,1,0,1,0,0,0.0,52.870758,31.1,0.0,26.435379,3.356367226061204
RIO TUITO,17,14,2,0,1,0,0,0.0,52.870758,31.1,0.0,26.435379,0.839091806515301
MERIDA,1,1,0,0,0,0,0,0.0,52.870758,31.1,0.0,26.435379,0.04935834155972359
BARRA,8,8,0,0,0,0,0,0.0,52.870758,31.1,0.0,26.435379,0.3948667324777887
VICENTE GUERRERO,81,74,3,0,4,0,0,0.0,52.870758,31.1,0.0,26.435379,3.998025666337611
GENARO GODINA,1,1,0,0,0,0,0,0.0,52.870758,31.1,0.0,26.435379,0.04935834155972359
JESUS GONZALEZ ORTEGA,17,16,0,0,1,0,0,0.0,52.870758,31.1,0.0,26.435379,0.839091806515301
AZTECAS,60,53,0,0,6,1,0,0.0,52.870758,31.1,0.0,26.435379,2.9615004935834155
VIOLETA,120,94,8,0,17,1,0,0.0,52.870758,31.1,0.0,26.435379,5.923000987166831
FRANCISCO J. MACIR,5,4,1,0,0,0,0,0.0,52.870758,31.1,0.0,26.435379,0.24679170779861795
PUNGUATO,4,3,0,0,1,0,0,0.0,52.870758,31.1,0.0,26.435379,0.19743336623889435
IGNACIO MEJIA,25,14,5,0,6,0,0,0.0,52.870758,31.1,0.0,26.435379,1.2339585389930898
BERNARDO REYES,22,17,1,0,4,0,0,0.0,52.870758,31.1,0.0,26.435379,1.085883514313919
FRANCISCO CESAR MORENO,4,2,2,0,0,0,0,0.0,52.870758,31.1,0.0,26.435379,0.19743336623889435
NEVADO DE TOLUCA,10,8,1,0,1,0,0,0.0,52.870758,31.1,0.0,26.435379,0.4935834155972359
JESUS GALINDO Y VILLA,21,16,3,0,2,0,0,0.0,52.870758,31.1,0.0,26.435379,1.0365251727541955
ELUTERIO GONZALEZ,12,9,2,0,1,0,0,0.0,52.870758,31.1,0.0,26.435379,0.5923000987166831
HACIENDA MOCHITILTIC,38,27,3,0,7,1,0,0.0,52.870758,31.1,0.0,26.435379,1.8756169792694966
JOSE MARIA INIGUEZ,11,8,0,0,1,2,0,0.0,52.870758,31.1,0.0,26.435379,0.5429417571569595
VERGEL,26,20,3,0,2,1,0,0.0,52.870758,31.1,0.0,26.435379,1.2833168805528135
MANUEL CARPIO,7,4,2,0,1,0,0,0.0,52.870758,31.1,0.0,26.435379,0.3455083909180652
PRAXEDIS GUERRERO,36,27,7,0,1,1,0,0.0,52.870758,31.1,0.0,26.435379,1.7769002961500493
LUIS PEREZ VERDIA,101,94,1,0,3,3,0,0.0,52.870758,31.1,0.0,26.435379,4.985192497532083
JOSE CARRILLO,37,32,2,0,2,1,0,0.0,52.870758,31.1,0.0,26.435379,1.826258637709773
JUAN CORDERO,7,5,0,0,1,1,0,0.0,52.870758,31.1,0.0,26.435379,0.3455083909180652
MANDARINA,228,183,10,0,32,3,0,0.0,52.870758,31.1,0.0,26.435379,11.25370187561698
AGUSTIN LARA,25,19,2,0,3,1,0,0.0,52.870758,31.1,0.0,26.435379,1.2339585389930898
MIGUEL NORIEGA,25,18,6,0,1,0,0,0.0,52.870758,31.1,0.0,26.435379,1.2339585389930898
ANTONIO ROJAS,123,83,12,0,25,3,0,0.0,52.870758,31.1,0.0,26.435379,6.071076011846002
SANTO DOMINGO,25,22,1,0,2,0,0,0.0,52.870758,31.1,0.0,26.435379,1.2339585389930898
RANCHO EL ZALATE,6,5,1,0,0,0,0,0.0,52.870758,31.1,0.0,26.435379,0.29615004935834155
CATARINO ISAAC,9,6,3,0,0,0,0,0.0,52.870758,31.1,0.0,26.435379,0.4442250740375123
SIERRA DE MAPIMI,13,9,1,0,2,1,0,0.0,52.870758,31.1,0.0,26.435379,0.6416584402764067
RAMON SERRATOS,22,12,6,0,4,0,0,0.0,52.870758,31.1,0.0,26.435379,1.085883514313919
LINARES,11,8,3,0,0,0,0,0.0,52.870758,31.1,0.0,26.435379,0.5429417571569595
GENERAL GUADALUPE REYES,10,6,3,0,1,0,0,0.0,52.870758,31.1,0.0,26.435379,0.4935834155972359
J. MIGUEL MACIAS,28,20,7,0,1,0,0,0.0,52.870758,31.1,0.0,26.435379,1.3820335636722607
SALARIO,7,6,0,0,1,0,0,0.0,52.870758,31.1,0.0,26.435379,0.3455083909180652
MONTE DE COMANJA,3,3,0,0,0,0,0,0.0,52.870758,31.1,0.0,26.435379,0.14807502467917077
JARDINES JAPONESES,27,20,2,0,4,1,0,0.0,52.870758,31.1,0.0,26.435379,1.332675222112537
DOMINGO DE ALZOLA,18,13,2,0,1,2,0,0.0,52.870758,31.1,0.0,26.435379,0.8884501480750246
E. ULLOA,1,1,0,0,0,0,0,0.0,52.870758,31.1,0.0,26.435379,0.04935834155972359
CALLE DEL CONGRESO,9,6,1,0,1,1,0,0.0,52.870758,31.1,0.0,26.435379,0.4442250740375123
PEDRO ESPINOZA,12,11,0,0,1,0,0,0.0,52.870758,31.1,0.0,26.435379,0.5923000987166831
CERRO GORDO,28,22,4,0,2,0,0,0.0,52.870758,31.1,0.0,26.435379,1.3820335636722607
ESTEBAN CORONADO,17,15,2,0,0,0,0,0.0,52.870758,31.1,0.0,26.435379,0.839091806515301
VICENTE DAZA,7,4,2,0,1,0,0,0.0,52.870758,31.1,0.0,26.435379,0.3455083909180652
BERNAL DIAZ DEL CASTILLO,30,19,4,0,7,0,0,0.0,52.870758,31.1,0.0,26.435379,1.4807502467917077
LUIS CASTILLO LEDON,17,14,2,0,1,0,0,0.0,52.870758,31.1,0.0,26.435379,0.839091806515301
DIODORO CORELLA,27,19,6,0,1,1,0,0.0,52.870758,31.1,0.0,26.435379,1.332675222112537
CALZADA DEL EJERCITO,140,130,3,0,7,0,0,0.0,52.870758,31.1,0.0,26.435379,6.910167818361303
CANDIDO NAVARRO,5,3,2,0,0,0,0,0.0,52.870758,31.1,0.0,26.435379,0.24679170779861795
JOSE JOAQUIN HERRERA,37,29,4,0,2,2,0,0.0,52.870758,31.1,0.0,26.435379,1.826258637709773
LUIS MOLINA,10,10,0,0,0,0,0,0.0,52.870758,31.1,0.0,26.435379,0.4935834155972359
JOAQUIN FERNANDEZ DE LIZARDI,11,8,0,0,3,0,0,0.0,52.870758,31.1,0.0,26.435379,0.5429417571569595
HACIENDA APACUERO,16,10,3,0,3,0,0,0.0,52.870758,31.1,0.0,26.435379,0.7897334649555774
ISLA BARBADOS,12,9,2,0,0,1,0,0.0,52.870758,31.1,0.0,26.435379,0.5923000987166831
BOTICELLI,10,9,1,0,0,0,0,0.0,52.870758,31.1,0.0,26.435379,0.4935834155972359
PLACIDO VEGA,19,11,8,0,0,0,0,0.0,52.870758,31.1,0.0,26.435379,0.9378084896347483
BELLAS ARTES PONIENTE,23,14,4,0,4,1,0,0.0,52.870758,31.1,0.0,26.435379,1.1352418558736426
SANTA CASILDA,11,9,2,0,0,0,0,0.0,52.870758,31.1,0.0,26.435379,0.5429417571569595
CALLE DE LA ACADEMIA,15,10,4,0,1,0,0,0.0,52.870758,31.1,0.0,26.435379,0.7403751233958539
TOMAS ESCOBEDO,12,9,1,0,1,1,0,0.0,52.870758,31.1,0.0,26.435379,0.5923000987166831
TRINIDAD ARVIZU,23,16,3,0,4,0,0,0.0,52.870758,31.1,0.0,26.435379,1.1352418558736426
CARLOS ARTURO CARRILLO,3,3,0,0,0,0,0,0.0,52.870758,31.1,0.0,26.435379,0.14807502467917077
JOSE CORTES Y FRIAS,7,5,1,1,0,0,0,0.0,52.870758,31.1,0.0,26.435379,0.3455083909180652
OSCAR MENENDEZ,7,4,2,0,1,0,0,0.0,52.870758,31.1,0.0,26.435379,0.3455083909180652
LISBOA,7,4,3,0,0,0,0,0.0,52.870758,31.1,0.0,26.435379,0.3455083909180652
HUITLACOCHE,18,11,2,0,5,0,0,0.0,52.870758,31.1,0.0,26.435379,0.8884501480750246
ALICIA GROVET,14,9,4,0,1,0,0,0.0,52.870758,31.1,0.0,26.435379,0.6910167818361304
MIGUEL SILVA,27,17,5,0,4,1,0,0.0,52.870758,31.1,0.0,26.435379,1.332675222112537
EUSTAQUIO ARIAS,3,1,2,0,0,0,0,0.0,52.870758,31.1,0.0,26.435379,0.14807502467917077
CANTERA,9,8,1,0,0,0,0,0.0,52.870758,31.1,0.0,26.435379,0.4442250740375123
FERNANDO MONTES DE OCA,7,4,1,0,2,0,0,0.0,52.870758,31.1,0.0,26.435379,0.3455083909180652
18 DE AGOSTO,22,14,3,0,2,3,0,0.0,52.870758,31.1,0.0,26.435379,1.085883514313919
BERNARDO GUTIERREZ DE LARA,30,25,2,0,3,0,0,0.0,52.870758,31.1,0.0,26.435379,1.4807502467917077
GRAVA,3,1,1,0,1,0,0,0.0,52.870758,31.1,0.0,26.435379,0.14807502467917077
ENRIQUE EL NAVEGANTE,51,39,3,0,8,1,0,0.0,52.870758,31.1,0.0,26.435379,2.5172754195459035
ANTONIO DE MARIA URAGA,3,2,0,0,1,0,0,0.0,52.870758,31.1,0.0,26.435379,0.14807502467917077
MIGUEL ZINCUNEGUI,11,9,2,0,0,0,0,0.0,52.870758,31.1,0.0,26.435379,0.5429417571569595
HACIENDA DEL PUENTE,1,1,0,0,0,0,0,0.0,52.870758,31.1,0.0,26.435379,0.04935834155972359
ANTONIO CASTILLON,6,3,2,0,1,0,0,0.0,52.870758,31.1,0.0,26.435379,0.29615004935834155
CALLE DEL FURGON,6,3,1,0,2,0,0,0.0,52.870758,31.1,0.0,26.435379,0.29615004935834155
REBECA URIBE,9,8,0,0,1,0,0,0.0,52.870758,31.1,0.0,26.435379,0.4442250740375123
MANUEL NEGRETE,1,1,0,0,0,0,0,0.0,52.870758,31.1,0.0,26.435379,0.04935834155972359
RICARDO PALACIOS,27,22,3,0,1,1,0,0.0,52.870758,31.1,0.0,26.435379,1.332675222112537
HACIENDA BELLAVISTA,45,39,4,0,1,1,0,0.0,52.870758,31.1,0.0,26.435379,2.2211253701875617
28 DE ENERO,57,44,3,0,10,0,0,0.0,52.870758,31.1,0.0,26.435379,2.813425468904245
MARIANO MENDEZ,3,1,1,0,1,0,0,0.0,52.870758,31.1,0.0,26.435379,0.14807502467917077
TIBURCIO MONTIEL,15,10,3,0,2,0,0,0.0,52.870758,31.1,0.0,26.435379,0.7403751233958539
20 (JOAQUIN PARRES),6,3,2,0,1,0,0,0.0,52.870758,31.1,0.0,26.435379,0.29615004935834155
10 DE MAYO,14,10,3,0,0,1,0,0.0,52.870758,31.1,0.0,26.435379,0.6910167818361304
ISLA GROENLANDIA,9,9,0,0,0,0,0,0.0,52.870758,31.1,0.0,26.435379,0.4442250740375123
GENERAL BERNARDO REYES,3,1,1,0,1,0,0,0.0,52.870758,31.1,0.0,26.435379,0.14807502467917077
IGNACIO MORA Y VILLAMIL,27,20,5,0,1,1,0,0.0,52.870758,31.1,0.0,26.435379,1.332675222112537
HACIENDA LA PIEDRA,16,12,4,0,0,0,0,0.0,52.870758,31.1,0.0,26.435379,0.7897334649555774
ANTONIO ROSALES,12,9,1,0,2,0,0,0.0,52.870758,31.1,0.0,26.435379,0.5923000987166831
ISLA CIES,20,13,4,0,2,1,0,0.0,52.870758,31.1,0.0,26.435379,0.9871668311944718
BARTOLOME DIAZ,9,5,3,0,1,0,0,0.0,52.870758,31.1,0.0,26.435379,0.4442250740375123
SANTA CLEMENCIA,91,68,10,0,13,0,0,0.0,52.870758,31.1,0.0,26.435379,4.491609081934847
SANTIAGO GUZMAN,15,10,3,0,2,0,0,0.0,52.870758,31.1,0.0,26.435379,0.7403751233958539
FABIAN CARRILLO,4,2,1,0,1,0,0,0.0,52.870758,31.1,0.0,26.435379,0.19743336623889435
SAN MATEO,33,22,6,0,4,1,0,0.0,52.870758,31.1,0.0,26.435379,1.6288252714708784
CHURUBUSCO,88,61,3,1,18,5,0,0.0,52.870758,31.1,0.0,26.435379,4.343534057255676
PEDRO GONZALEZ,6,6,0,0,0,0,0,0.0,52.870758,31.1,0.0,26.435379,0.29615004935834155
CARLOS REYES AVILES,34,24,7,0,1,2,0,0.0,52.870758,31.1,0.0,26.435379,1.678183613030602
IMPRENTA,37,27,4,1,4,1,0,0.0,52.870758,31.1,0.0,26.435379,1.826258637709773
ELISEO GRANJA,4,3,1,0,0,0,0,0.0,52.870758,31.1,0.0,26.435379,0.19743336623889435
MANUEL TRILLO,14,10,3,0,1,0,0,0.0,52.870758,31.1,0.0,26.435379,0.6910167818361304
SAN EUGENIO,10,5,5,0,0,0,0,0.0,52.870758,31.1,0.0,26.435379,0.4935834155972359
MANUEL ROMERO DE TERREROS,15,12,1,0,0,2,0,0.0,52.870758,31.1,0.0,26.435379,0.7403751233958539
VOLCAN ANTISANA,7,3,3,0,1,0,0,0.0,52.870758,31.1,0.0,26.435379,0.3455083909180652
ISLA SISARGAS,3,3,0,0,0,0,0,0.0,52.870758,31.1,0.0,26.435379,0.14807502467917077
OPOCHTLI,7,6,1,0,0,0,0,0.0,52.870758,31.1,0.0,26.435379,0.3455083909180652
RIO POO,25,23,2,0,0,0,0,0.0,52.870758,31.1,0.0,26.435379,1.2339585389930898
NORTE 2,19,14,1,0,4,0,0,0.0,52.870758,31.1,0.0,26.435379,0.9378084896347483
JOSE MA. CHAVEZ,3,3,0,0,0,0,0,0.0,52.870758,31.1,0.0,26.435379,0.14807502467917077
MARCELO APARICIO,5,3,1,0,0,1,0,0.0,52.870758,31.1,0.0,26.435379,0.24679170779861795
IGNACIO REVUELTAS,1,1,0,0,0,0,0,0.0,52.870758,31.1,0.0,26.435379,0.04935834155972359
BUSTAMANTES,12,8,2,0,2,0,0,0.0,52.870758,31.1,0.0,26.435379,0.5923000987166831
PASEO DE LOS COLORINES,1,1,0,0,0,0,0,0.0,52.870758,31.1,0.0,26.435379,0.04935834155972359
LAURA MENDEZ,13,11,1,0,0,1,0,0.0,52.870758,31.1,0.0,26.435379,0.6416584402764067
ENRIQUE OSORNIO,5,2,1,0,2,0,0,0.0,52.870758,31.1,0.0,26.435379,0.24679170779861795
BASILIO E. AGUILAR,3,3,0,0,0,0,0,0.0,52.870758,31.1,0.0,26.435379,0.14807502467917077
12-A,24,22,1,0,1,0,0,0.0,52.870758,31.1,0.0,26.435379,1.1846001974333662
LINDA VISTA,35,26,3,1,4,1,0,0.0,52.870758,31.1,0.0,26.435379,1.7275419545903257
CANARIO,25,20,2,0,2,1,0,0.0,52.870758,31.1,0.0,26.435379,1.2339585389930898
VICENTE VALENCIA,3,2,0,0,1,0,0,0.0,52.870758,31.1,0.0,26.435379,0.14807502467917077
JOSE MARIA MENDEZ OLIVARES,22,17,3,0,2,0,0,0.0,52.870758,31.1,0.0,26.435379,1.085883514313919
TALPA,2,2,0,0,0,0,0,0.0,52.870758,31.1,0.0,26.435379,0.09871668311944717
EDGAR DEGAS,3,3,0,0,0,0,0,0.0,52.870758,31.1,0.0,26.435379,0.14807502467917077
MANOLETE,11,6,2,0,3,0,0,0.0,52.870758,31.1,0.0,26.435379,0.5429417571569595
SALVADOR CORDERO,9,7,2,0,0,0,0,0.0,52.870758,31.1,0.0,26.435379,0.4442250740375123
MANGLE,4,2,0,0,1,1,0,0.0,52.870758,31.1,0.0,26.435379,0.19743336623889435
GERARDO SUAREZ,16,14,1,0,1,0,0,0.0,52.870758,31.1,0.0,26.435379,0.7897334649555774
ONZA,8,3,2,0,3,0,0,0.0,52.870758,31.1,0.0,26.435379,0.3948667324777887
CARLOS PEREIRA,11,9,0,0,2,0,0,0.0,52.870758,31.1,0.0,26.435379,0.5429417571569595
JOSE GUADALUPE MONTENEGRO,143,122,6,0,13,2,0,0.0,52.870758,31.1,0.0,26.435379,7.058242843040475
CALZADA DEL CAMPESINO,24,19,1,0,2,2,0,0.0,52.870758,31.1,0.0,26.435379,1.1846001974333662
ANTIGUA CARRETERA A CHAPALA,9,9,0,0,0,0,0,0.0,52.870758,31.1,0.0,26.435379,0.4442250740375123
TECOLOTE,16,13,0,0,3,0,0,0.0,52.870758,31.1,0.0,26.435379,0.7897334649555774
UNICORNIO,6,6,0,0,0,0,0,0.0,52.870758,31.1,0.0,26.435379,0.29615004935834155
FRANCISCO SANCHEZ DE TAGLE,5,3,2,0,0,0,0,0.0,52.870758,31.1,0.0,26.435379,0.24679170779861795
NUEVA GALICIA,32,30,1,0,1,0,0,0.0,52.870758,31.1,0.0,26.435379,1.5794669299111548
RIO TOTOTLAN,10,7,3,0,0,0,0,0.0,52.870758,31.1,0.0,26.435379,0.4935834155972359
54 RAFAEL NAJERA,3,3,0,0,0,0,0,0.0,52.870758,31.1,0.0,26.435379,0.14807502467917077
SIETE COLINAS,41,28,5,0,7,1,0,0.0,52.870758,31.1,0.0,26.435379,2.023692003948667
RIO ALTAR,11,11,0,0,0,0,0,0.0,52.870758,31.1,0.0,26.435379,0.5429417571569595
GABINO BARRERA,7,7,0,0,0,0,0,0.0,52.870758,31.1,0.0,26.435379,0.3455083909180652
VOLCAN BOQUERON,4,4,0,0,0,0,0,0.0,52.870758,31.1,0.0,26.435379,0.19743336623889435
BROCA,12,12,0,0,0,0,0,0.0,52.870758,31.1,0.0,26.435379,0.5923000987166831
PICHON,19,16,1,0,1,1,0,0.0,52.870758,31.1,0.0,26.435379,0.9378084896347483
CERRO DEL CUBILETE,7,6,1,0,0,0,0,0.0,52.870758,31.1,0.0,26.435379,0.3455083909180652
FERROCARRIL MEXICO GUADALAJARA NOGALES,1,1,0,0,0,0,0,0.0,52.870758,31.1,0.0,26.435379,0.04935834155972359
PRIVADA DE LAS FUENTES,1,1,0,0,0,0,0,0.0,52.870758,31.1,0.0,26.435379,0.04935834155972359
FRUTO ROMERO,17,16,0,0,1,0,0,0.0,52.870758,31.1,0.0,26.435379,0.839091806515301
ROMAN MORALES,77,59,7,0,10,1,0,0.0,52.870758,31.1,0.0,26.435379,3.8005923000987165
UNO,4,4,0,0,0,0,0,0.0,52.870758,31.1,0.0,26.435379,0.19743336623889435
GENARO GARCIA,7,5,2,0,0,0,0,0.0,52.870758,31.1,0.0,26.435379,0.3455083909180652
OLIVO,24,19,2,0,2,1,0,0.0,52.870758,31.1,0.0,26.435379,1.1846001974333662
FRAY LUIS DE LEON,15,13,1,0,1,0,0,0.0,52.870758,31.1,0.0,26.435379,0.7403751233958539
VENUSTIANO CARRANZA,37,28,5,0,3,1,0,0.0,52.870758,31.1,0.0,26.435379,1.826258637709773
ISLA SOMBRERO,4,4,0,0,0,0,0,0.0,52.870758,31.1,0.0,26.435379,0.19743336623889435
ALEJANDRO DUMAS,1,1,0,0,0,0,0,0.0,52.870758,31.1,0.0,26.435379,0.04935834155972359
CIENCIAS,5,5,0,0,0,0,0,0.0,52.870758,31.1,0.0,26.435379,0.24679170779861795
XOCHICALCO,6,5,1,0,0,0,0,0.0,52.870758,31.1,0.0,26.435379,0.29615004935834155
J. A. DE LA FUENTE,6,4,2,0,0,0,0,0.0,52.870758,31.1,0.0,26.435379,0.29615004935834155
PRESA DEL CUARENTA,11,8,2,0,1,0,0,0.0,52.870758,31.1,0.0,26.435379,0.5429417571569595
JOAQUIN RIVERO,1,1,0,0,0,0,0,0.0,52.870758,31.1,0.0,26.435379,0.04935834155972359
JOAQUIN PARRES,8,6,1,0,0,1,0,0.0,52.870758,31.1,0.0,26.435379,0.3948667324777887
RIO CUALE,6,5,0,0,1,0,0,0.0,52.870758,31.1,0.0,26.435379,0.29615004935834155
TUNEZ,37,24,4,0,9,0,0,0.0,52.870758,31.1,0.0,26.435379,1.826258637709773
JOSE RAMOS,6,6,0,0,0,0,0,0.0,52.870758,31.1,0.0,26.435379,0.29615004935834155
LUIS G. CUEVA,14,12,0,0,2,0,0,0.0,52.870758,31.1,0.0,26.435379,0.6910167818361304
HACIENDA JARAMILLO,5,4,1,0,0,0,0,0.0,52.870758,31.1,0.0,26.435379,0.24679170779861795
CARLOS E. RANDALL,3,3,0,0,0,0,0,0.0,52.870758,31.1,0.0,26.435379,0.14807502467917077
30 OTHON BLANCO CACERES,17,14,3,0,0,0,0,0.0,52.870758,31.1,0.0,26.435379,0.839091806515301
MONTE ATLAS,14,13,0,0,1,0,0,0.0,52.870758,31.1,0.0,26.435379,0.6910167818361304
REFUGIO GONZALEZ,2,1,1,0,0,0,0,0.0,52.870758,31.1,0.0,26.435379,0.09871668311944717
JITOMATES,4,3,0,0,1,0,0,0.0,52.870758,31.1,0.0,26.435379,0.19743336623889435
INSURGENTES,42,30,6,0,5,1,0,0.0,52.870758,31.1,0.0,26.435379,2.073050345508391
JOSE MARIA CASTILLEROS,12,9,1,0,2,0,0,0.0,52.870758,31.1,0.0,26.435379,0.5923000987166831
JOSE CORNEJO FRANCO,17,10,3,0,4,0,0,0.0,52.870758,31.1,0.0,26.435379,0.839091806515301
PROSPERIDAD,15,12,1,0,1,1,0,0.0,52.870758,31.1,0.0,26.435379,0.7403751233958539
AGUSTIN PAGAZA,9,5,2,0,2,0,0,0.0,52.870758,31.1,0.0,26.435379,0.4442250740375123
TOMAS RAMON DEL MORAL,11,9,0,0,0,2,0,0.0,52.870758,31.1,0.0,26.435379,0.5429417571569595
CELIA PACHECO,17,10,4,0,3,0,0,0.0,52.870758,31.1,0.0,26.435379,0.839091806515301
PABLO CESPEDES,8,4,2,0,2,0,0,0.0,52.870758,31.1,0.0,26.435379,0.3948667324777887
NARCISO SERRA DEL SEVILLA,3,2,0,0,1,0,0,0.0,52.870758,31.1,0.0,26.435379,0.14807502467917077
FRANCISCO MARCOS MANGOY,2,1,1,0,0,0,0,0.0,52.870758,31.1,0.0,26.435379,0.09871668311944717
RIO MEZQUITAL,3,2,0,0,1,0,0,0.0,52.870758,31.1,0.0,26.435379,0.14807502467917077
PASEO BOHEMIO,12,12,0,0,0,0,0,0.0,52.870758,31.1,0.0,26.435379,0.5923000987166831
VOLCAN AHUACATLAN,11,8,2,0,1,0,0,0.0,52.870758,31.1,0.0,26.435379,0.5429417571569595
RAMMA,4,3,1,0,0,0,0,0.0,52.870758,31.1,0.0,26.435379,0.19743336623889435
ARTEMIO ALPIZAR,8,6,2,0,0,0,0,0.0,52.870758,31.1,0.0,26.435379,0.3948667324777887
ISLA PERIM,7,5,1,0,1,0,0,0.0,52.870758,31.1,0.0,26.435379,0.3455083909180652
MOLINA,27,27,0,0,0,0,0,0.0,52.870758,31.1,0.0,26.435379,1.332675222112537
VOLCAN POPOCATEPETL,6,5,0,1,0,0,0,0.0,52.870758,31.1,0.0,26.435379,0.29615004935834155
CRISOFORO CANSECO,9,6,0,0,3,0,0,0.0,52.870758,31.1,0.0,26.435379,0.4442250740375123
LANGLOIX,1,1,0,0,0,0,0,0.0,52.870758,31.1,0.0,26.435379,0.04935834155972359
CABANAS,102,96,2,0,4,0,0,0.0,52.870758,31.1,0.0,26.435379,5.034550839091807
GLADIOLA,5,5,0,0,0,0,0,0.0,52.870758,31.1,0.0,26.435379,0.24679170779861795
RIO DE LA LOZA,11,10,1,0,0,0,0,0.0,52.870758,31.1,0.0,26.435379,0.5429417571569595
CHAPULTEPEC SUR,169,131,14,0,14,10,0,0.0,52.870758,31.1,0.0,26.435379,8.341559723593289
CARRETERA A CHAPALA,1,1,0,0,0,0,0,0.0,52.870758,31.1,0.0,26.435379,0.04935834155972359
MARIA SALCEDO,19,13,4,0,0,2,0,0.0,52.870758,31.1,0.0,26.435379,0.9378084896347483
MONTE SINAI,1,1,0,0,0,0,0,0.0,52.870758,31.1,0.0,26.435379,0.04935834155972359
ROBLES GIL,20,16,1,0,3,0,0,0.0,52.870758,31.1,0.0,26.435379,0.9871668311944718
PRIVADA DEL ARROYO,2,2,0,0,0,0,0,0.0,52.870758,31.1,0.0,26.435379,0.09871668311944717
TULA,8,5,3,0,0,0,0,0.0,52.870758,31.1,0.0,26.435379,0.3948667324777887
ANTONIO LARRANAGA,46,36,6,0,2,2,0,0.0,52.870758,31.1,0.0,26.435379,2.270483711747285
JOSE ANTONIO VILLASENOR Y SANCHEZ,2,1,1,0,0,0,0,0.0,52.870758,31.1,0.0,26.435379,0.09871668311944717
15,28,24,4,0,0,0,0,0.0,52.870758,31.1,0.0,26.435379,1.3820335636722607
FERNANDO MENDEZ VELASQUEZ,10,7,3,0,0,0,0,0.0,52.870758,31.1,0.0,26.435379,0.4935834155972359
ALFREDO SANTOSCOY,2,2,0,0,0,0,0,0.0,52.870758,31.1,0.0,26.435379,0.09871668311944717
A LA CAPILLA,1,1,0,0,0,0,0,0.0,52.870758,31.1,0.0,26.435379,0.04935834155972359
TUBEROSA,37,29,3,0,5,0,0,0.0,52.870758,31.1,0.0,26.435379,1.826258637709773
MANUEL URIBE,11,9,1,0,1,0,0,0.0,52.870758,31.1,0.0,26.435379,0.5429417571569595
CRISOFORO CANCECO,1,1,0,0,0,0,0,0.0,52.870758,31.1,0.0,26.435379,0.04935834155972359
FRANCISCO VERDINI,3,2,1,0,0,0,0,0.0,52.870758,31.1,0.0,26.435379,0.14807502467917077
SIDERURGICA,10,8,2,0,0,0,0,0.0,52.870758,31.1,0.0,26.435379,0.4935834155972359
14 (APOLONIO M. AVILES),14,14,0,0,0,0,0,0.0,52.870758,31.1,0.0,26.435379,0.6910167818361304
LIMA,1,1,0,0,0,0,0,0.0,52.870758,31.1,0.0,26.435379,0.04935834155972359
TONANTZIN,12,12,0,0,0,0,0,0.0,52.870758,31.1,0.0,26.435379,0.5923000987166831
MARCO POLO,6,6,0,0,0,0,0,0.0,52.870758,31.1,0.0,26.435379,0.29615004935834155
CABALLERANGO,1,1,0,0,0,0,0,0.0,52.870758,31.1,0.0,26.435379,0.04935834155972359
SILVESTRE VARGAS,11,8,1,0,2,0,0,0.0,52.870758,31.1,0.0,26.435379,0.5429417571569595
FRANCISCO PASTOR,5,4,0,0,1,0,0,0.0,52.870758,31.1,0.0,26.435379,0.24679170779861795
DOCTOR LEONARDO OLIVA,24,19,0,0,4,1,0,0.0,52.870758,31.1,0.0,26.435379,1.1846001974333662
JUAN GARABITO,5,4,1,0,0,0,0,0.0,52.870758,31.1,0.0,26.435379,0.24679170779861795
CALZADA INDEPENDENCIA NORTE,57,47,4,0,6,0,0,0.0,52.870758,31.1,0.0,26.435379,2.813425468904245
VIGO,2,2,0,0,0,0,0,0.0,52.870758,31.1,0.0,26.435379,0.09871668311944717
PLATANO,18,17,0,0,1,0,0,0.0,52.870758,31.1,0.0,26.435379,0.8884501480750246
JOSEFA MENDOZA,6,6,0,0,0,0,0,0.0,52.870758,31.1,0.0,26.435379,0.29615004935834155
COLIMILLA,6,5,1,0,0,0,0,0.0,52.870758,31.1,0.0,26.435379,0.29615004935834155
ANDRES SANDOVAL,9,4,5,0,0,0,0,0.0,52.870758,31.1,0.0,26.435379,0.4442250740375123
CIRCUNVALACION OBLATOS,21,18,1,0,1,1,0,0.0,52.870758,31.1,0.0,26.435379,1.0365251727541955
SEVILLA,15,11,2,1,1,0,0,0.0,52.870758,31.1,0.0,26.435379,0.7403751233958539
MATIAS ROMERO,37,31,2,0,4,0,0,0.0,52.870758,31.1,0.0,26.435379,1.826258637709773
CEDRO,33,27,4,0,2,0,0,0.0,52.870758,31.1,0.0,26.435379,1.6288252714708784
CALLE DEL ANDEN,1,1,0,0,0,0,0,0.0,52.870758,31.1,0.0,26.435379,0.04935834155972359
ISLA DE PASCUA,8,5,2,0,1,0,0,0.0,52.870758,31.1,0.0,26.435379,0.3948667324777887
MILO,16,14,2,0,0,0,0,0.0,52.870758,31.1,0.0,26.435379,0.7897334649555774
ZARZAMORA,9,8,0,0,1,0,0,0.0,52.870758,31.1,0.0,26.435379,0.4442250740375123
SITIO DE PUEBLA,5,5,0,0,0,0,0,0.0,52.870758,31.1,0.0,26.435379,0.24679170779861795
OLMO,26,19,5,0,0,2,0,0.0,52.870758,31.1,0.0,26.435379,1.2833168805528135
GENERAL SALAZAR,2,2,0,0,0,0,0,0.0,52.870758,31.1,0.0,26.435379,0.09871668311944717
FLORENCIO ANTILLAN,14,13,1,0,0,0,0,0.0,52.870758,31.1,0.0,26.435379,0.6910167818361304
GOLONDRINA,9,7,2,0,0,0,0,0.0,52.870758,31.1,0.0,26.435379,0.4442250740375123
REFINERIA,19,14,2,0,2,1,0,0.0,52.870758,31.1,0.0,26.435379,0.9378084896347483
JUAN N. CUMPLIDO,45,32,4,0,7,2,0,0.0,52.870758,31.1,0.0,26.435379,2.2211253701875617
PEDRO LANDAZURI,4,2,1,0,1,0,0,0.0,52.870758,31.1,0.0,26.435379,0.19743336623889435
ISLA DE MALTA,16,14,1,0,1,0,0,0.0,52.870758,31.1,0.0,26.435379,0.7897334649555774
MARTIN ALONSO,10,3,2,0,5,0,0,0.0,52.870758,31.1,0.0,26.435379,0.4935834155972359
SAN VENANCIO,2,2,0,0,0,0,0,0.0,52.870758,31.1,0.0,26.435379,0.09871668311944717
ISLA CANCUN,19,15,2,0,1,1,0,0.0,52.870758,31.1,0.0,26.435379,0.9378084896347483
HACIENDA SAN MARTIN DE LAS FLORES,13,10,2,0,1,0,0,0.0,52.870758,31.1,0.0,26.435379,0.6416584402764067
SALOME ARIAS,5,4,1,0,0,0,0,0.0,52.870758,31.1,0.0,26.435379,0.24679170779861795
CARLOS R. VIDAL,3,2,1,0,0,0,0,0.0,52.870758,31.1,0.0,26.435379,0.14807502467917077
OSCAR MENDEZ,11,8,1,0,1,1,0,0.0,52.870758,31.1,0.0,26.435379,0.5429417571569595
ENRIQUE OLAVARRIA Y FERRARI,72,54,3,1,9,5,0,0.0,52.870758,31.1,0.0,26.435379,3.5538005923000986
LAZARO PEREZ,21,20,0,0,0,1,0,0.0,52.870758,31.1,0.0,26.435379,1.0365251727541955
CHILARDI,11,10,0,0,1,0,0,0.0,52.870758,31.1,0.0,26.435379,0.5429417571569595
GANTE,130,122,4,0,4,0,0,0.0,52.870758,31.1,0.0,26.435379,6.416584402764067
DIEGO RIVERA,28,19,5,0,3,1,0,0.0,52.870758,31.1,0.0,26.435379,1.3820335636722607
SANTA CLARA,15,11,2,0,2,0,0,0.0,52.870758,31.1,0.0,26.435379,0.7403751233958539
PRIMAVERA,45,35,7,0,3,0,0,0.0,52.870758,31.1,0.0,26.435379,2.2211253701875617
RAFAEL CABRERA,4,4,0,0,0,0,0,0.0,52.870758,31.1,0.0,26.435379,0.19743336623889435
JULIO ACOSTA,12,9,3,0,0,0,0,0.0,52.870758,31.1,0.0,26.435379,0.5923000987166831
CERRO VIEJO,11,10,0,0,1,0,0,0.0,52.870758,31.1,0.0,26.435379,0.5429417571569595
PUERTO AGIABAMPO,11,8,0,0,3,0,0,0.0,52.870758,31.1,0.0,26.435379,0.5429417571569595
EMILIO RABAZA,1,1,0,0,0,0,0,0.0,52.870758,31.1,0.0,26.435379,0.04935834155972359
FRANCIA,50,39,1,0,10,0,0,0.0,52.870758,31.1,0.0,26.435379,2.4679170779861797
GALLO,9,7,0,0,2,0,0,0.0,52.870758,31.1,0.0,26.435379,0.4442250740375123
ANTONIO DE SEGOVIA,2,2,0,0,0,0,0,0.0,52.870758,31.1,0.0,26.435379,0.09871668311944717
CONCEPCION LOY,20,13,3,0,4,0,0,0.0,52.870758,31.1,0.0,26.435379,0.9871668311944718
GILDARDO GOMEZ,11,10,1,0,0,0,0,0.0,52.870758,31.1,0.0,26.435379,0.5429417571569595
RIO QUELITE,1,1,0,0,0,0,0,0.0,52.870758,31.1,0.0,26.435379,0.04935834155972359
24,9,4,0,0,5,0,0,0.0,52.870758,31.1,0.0,26.435379,0.4442250740375123
CRISTOBAL DE ONATE,15,12,2,0,1,0,0,0.0,52.870758,31.1,0.0,26.435379,0.7403751233958539
AVE DEL PORVENIR,3,3,0,0,0,0,0,0.0,52.870758,31.1,0.0,26.435379,0.14807502467917077
36 (GUILLERMO BACA),9,9,0,0,0,0,0,0.0,52.870758,31.1,0.0,26.435379,0.4442250740375123
2A,2,2,0,0,0,0,0,0.0,52.870758,31.1,0.0,26.435379,0.09871668311944717
ANDRES H. OSUNA,3,3,0,0,0,0,0,0.0,52.870758,31.1,0.0,26.435379,0.14807502467917077
ANDRES SAENZ,1,1,0,0,0,0,0,0.0,52.870758,31.1,0.0,26.435379,0.04935834155972359
ALBERTO PENAGIL,4,4,0,0,0,0,0,0.0,52.870758,31.1,0.0,26.435379,0.19743336623889435
LIVERPOOL,3,3,0,0,0,0,0,0.0,52.870758,31.1,0.0,26.435379,0.14807502467917077
MANGO,6,4,2,0,0,0,0,0.0,52.870758,31.1,0.0,26.435379,0.29615004935834155
ANADO NERVO,2,2,0,0,0,0,0,0.0,52.870758,31.1,0.0,26.435379,0.09871668311944717
MARIANO AZUELA,18,17,0,0,1,0,0,0.0,52.870758,31.1,0.0,26.435379,0.8884501480750246
ALEJANDRINA,16,11,2,0,2,1,0,0.0,52.870758,31.1,0.0,26.435379,0.7897334649555774
FRANCISCO PENUNURI,6,4,1,0,1,0,0,0.0,52.870758,31.1,0.0,26.435379,0.29615004935834155
FRANCISCO ROJAS GONZALEZ,1,1,0,0,0,0,0,0.0,52.870758,31.1,0.0,26.435379,0.04935834155972359
52 (JERONIMO TREVINO),17,13,3,0,1,0,0,0.0,52.870758,31.1,0.0,26.435379,0.839091806515301
CALZADA DEL AGUILA,33,26,2,0,4,1,0,0.0,52.870758,31.1,0.0,26.435379,1.6288252714708784
ZARAGOZA,96,89,1,0,4,2,0,0.0,52.870758,31.1,0.0,26.435379,4.738400789733465
JOSE ARRESE,40,24,10,0,5,1,0,0.0,52.870758,31.1,0.0,26.435379,1.9743336623889436
MAQUINISTAS,5,4,1,0,0,0,0,0.0,52.870758,31.1,0.0,26.435379,0.24679170779861795
PRESA AHOME,7,7,0,0,0,0,0,0.0,52.870758,31.1,0.0,26.435379,0.3455083909180652
GALILEA,2,1,0,0,1,0,0,0.0,52.870758,31.1,0.0,26.435379,0.09871668311944717
RIO VOLGA,14,10,1,0,2,1,0,0.0,52.870758,31.1,0.0,26.435379,0.6910167818361304
BRUSELAS,34,30,2,0,2,0,0,0.0,52.870758,31.1,0.0,26.435379,1.678183613030602
ABUNDIO MARTINEZ,6,3,3,0,0,0,0,0.0,52.870758,31.1,0.0,26.435379,0.29615004935834155
REYES CATOLICOS,48,36,6,0,5,1,0,0.0,52.870758,31.1,0.0,26.435379,2.3692003948667324
LECHUGA,50,49,0,0,1,0,0,0.0,52.870758,31.1,0.0,26.435379,2.4679170779861797
WASHINGTON,27,26,0,0,1,0,0,0.0,52.870758,31.1,0.0,26.435379,1.332675222112537
CAMARENA,23,15,3,0,5,0,0,0.0,52.870758,31.1,0.0,26.435379,1.1352418558736426
ALAMBIQUE,5,5,0,0,0,0,0,0.0,52.870758,31.1,0.0,26.435379,0.24679170779861795
ALVARO CARRILLO,9,7,2,0,0,0,0,0.0,52.870758,31.1,0.0,26.435379,0.4442250740375123
LA RUEDA,2,1,1,0,0,0,0,0.0,52.870758,31.1,0.0,26.435379,0.09871668311944717
HIPOLITO HERRERA,8,6,1,0,0,1,0,0.0,52.870758,31.1,0.0,26.435379,0.3948667324777887
RIO PECOS,1,1,0,0,0,0,0,0.0,52.870758,31.1,0.0,26.435379,0.04935834155972359
VERDIN,6,5,1,0,0,0,0,0.0,52.870758,31.1,0.0,26.435379,0.29615004935834155
RIO CARRETELO,3,2,0,0,1,0,0,0.0,52.870758,31.1,0.0,26.435379,0.14807502467917077
URBANO GOMEZ,3,3,0,0,0,0,0,0.0,52.870758,31.1,0.0,26.435379,0.14807502467917077
CIRCUNVALACION PROVIDENCIA,16,14,0,0,2,0,0,0.0,52.870758,31.1,0.0,26.435379,0.7897334649555774
TOMAS CORONA,1,1,0,0,0,0,0,0.0,52.870758,31.1,0.0,26.435379,0.04935834155972359
3 RAMON ALCORTA,13,12,0,0,1,0,0,0.0,52.870758,31.1,0.0,26.435379,0.6416584402764067
GABRIEL RUIZ,15,10,5,0,0,0,0,0.0,52.870758,31.1,0.0,26.435379,0.7403751233958539
ISLAS GUAITECAS,3,3,0,0,0,0,0,0.0,52.870758,31.1,0.0,26.435379,0.14807502467917077
ROSA RODRIGUEZ,6,6,0,0,0,0,0,0.0,52.870758,31.1,0.0,26.435379,0.29615004935834155
HACIENDA LA NORIA,13,9,3,0,1,0,0,0.0,52.870758,31.1,0.0,26.435379,0.6416584402764067
DIAZ MIRON,35,23,4,0,6,2,0,0.0,52.870758,31.1,0.0,26.435379,1.7275419545903257
MARIANO OLIVARES,12,7,2,0,3,0,0,0.0,52.870758,31.1,0.0,26.435379,0.5923000987166831
HACIENDA DEL LAZO,6,3,1,0,2,0,0,0.0,52.870758,31.1,0.0,26.435379,0.29615004935834155
SAN LUCAS,1,1,0,0,0,0,0,0.0,52.870758,31.1,0.0,26.435379,0.04935834155972359
SANTA BARBARA,2,2,0,0,0,0,0,0.0,52.870758,31.1,0.0,26.435379,0.09871668311944717
22 (JUAN JOSE RIOS),3,2,1,0,0,0,0,0.0,52.870758,31.1,0.0,26.435379,0.14807502467917077
COMERCIO,9,9,0,0,0,0,0,0.0,52.870758,31.1,0.0,26.435379,0.4442250740375123
CALLE DE LA ESPUELA,6,3,1,0,2,0,0,0.0,52.870758,31.1,0.0,26.435379,0.29615004935834155
OBREROS,3,3,0,0,0,0,0,0.0,52.870758,31.1,0.0,26.435379,0.14807502467917077
JOSE SANTOS VILLA,16,10,1,0,3,2,0,0.0,52.870758,31.1,0.0,26.435379,0.7897334649555774
RUSIA,6,6,0,0,0,0,0,0.0,52.870758,31.1,0.0,26.435379,0.29615004935834155
EUCLIDES,1,1,0,0,0,0,0,0.0,52.870758,31.1,0.0,26.435379,0.04935834155972359
NAVARRA,46,32,6,0,8,0,0,0.0,52.870758,31.1,0.0,26.435379,2.270483711747285
CARTEROS,6,6,0,0,0,0,0,0.0,52.870758,31.1,0.0,26.435379,0.29615004935834155
MONEDA,7,6,1,0,0,0,0,0.0,52.870758,31.1,0.0,26.435379,0.3455083909180652
23 DE JUNIO,2,2,0,0,0,0,0,0.0,52.870758,31.1,0.0,26.435379,0.09871668311944717
HALCON,15,13,1,0,1,0,0,0.0,52.870758,31.1,0.0,26.435379,0.7403751233958539
CAFE,11,8,1,0,2,0,0,0.0,52.870758,31.1,0.0,26.435379,0.5429417571569595
MANUEL DE J. ARECHIGA,12,8,1,0,3,0,0,0.0,52.870758,31.1,0.0,26.435379,0.5923000987166831
JOSE MARIA LANZAGORTA,5,4,0,0,1,0,0,0.0,52.870758,31.1,0.0,26.435379,0.24679170779861795
DEL AGUILA,4,4,0,0,0,0,0,0.0,52.870758,31.1,0.0,26.435379,0.19743336623889435
CADIZ,14,10,3,0,1,0,0,0.0,52.870758,31.1,0.0,26.435379,0.6910167818361304
TEODOMIRO MANZANO,16,12,4,0,0,0,0,0.0,52.870758,31.1,0.0,26.435379,0.7897334649555774
RIO ZAPOTLAN,5,5,0,0,0,0,0,0.0,52.870758,31.1,0.0,26.435379,0.24679170779861795
CALLE DEL MAIZ,28,19,4,0,4,1,0,0.0,52.870758,31.1,0.0,26.435379,1.3820335636722607
ETIOPIA,20,9,7,0,4,0,0,0.0,52.870758,31.1,0.0,26.435379,0.9871668311944718
ANDRES CAVO,2,2,0,0,0,0,0,0.0,52.870758,31.1,0.0,26.435379,0.09871668311944717
VICTOR ROSALES,5,5,0,0,0,0,0,0.0,52.870758,31.1,0.0,26.435379,0.24679170779861795
PEDRO TAMEZ,1,1,0,0,0,0,0,0.0,52.870758,31.1,0.0,26.435379,0.04935834155972359
AJONJOLI,17,14,2,0,1,0,0,0.0,52.870758,31.1,0.0,26.435379,0.839091806515301
VALDEZ TELLEZ,3,2,0,0,1,0,0,0.0,52.870758,31.1,0.0,26.435379,0.14807502467917077
LUCAS ALAMAN,9,5,2,0,2,0,0,0.0,52.870758,31.1,0.0,26.435379,0.4442250740375123
CRISPINIANO DEL CASTILLO,4,3,0,0,1,0,0,0.0,52.870758,31.1,0.0,26.435379,0.19743336623889435
JOSU MARIA CHAVEZ,1,1,0,0,0,0,0,0.0,52.870758,31.1,0.0,26.435379,0.04935834155972359
PASEO DE LOS FORRAJEROS,19,19,0,0,0,0,0,0.0,52.870758,31.1,0.0,26.435379,0.9378084896347483
RIO AMACUZAC,11,9,0,0,2,0,0,0.0,52.870758,31.1,0.0,26.435379,0.5429417571569595
4-A,12,12,0,0,0,0,0,0.0,52.870758,31.1,0.0,26.435379,0.5923000987166831
JOAQUIN PARDAVE,10,6,3,0,1,0,0,0.0,52.870758,31.1,0.0,26.435379,0.4935834155972359
HACIENDA DEL POTRERO,8,4,4,0,0,0,0,0.0,52.870758,31.1,0.0,26.435379,0.3948667324777887
ANTONIO ALVAREZ VEGA,9,6,3,0,0,0,0,0.0,52.870758,31.1,0.0,26.435379,0.4442250740375123
2 (RAFAEL LOZADA),49,38,8,0,3,0,0,0.0,52.870758,31.1,0.0,26.435379,2.4185587364264562
AURELIO ORTEGA,5,4,0,0,1,0,0,0.0,52.870758,31.1,0.0,26.435379,0.24679170779861795
PUERTO PICHILINGUE,22,18,3,0,1,0,0,0.0,52.870758,31.1,0.0,26.435379,1.085883514313919
PUERTO DE TODOS LOS SANTOS,18,13,3,0,2,0,0,0.0,52.870758,31.1,0.0,26.435379,0.8884501480750246
JOSE BECERRA,10,9,1,0,0,0,0,0.0,52.870758,31.1,0.0,26.435379,0.4935834155972359
SAN FIDEL,5,3,1,0,1,0,0,0.0,52.870758,31.1,0.0,26.435379,0.24679170779861795
JUAN SANCHEZ AZCONA,14,10,3,0,1,0,0,0.0,52.870758,31.1,0.0,26.435379,0.6910167818361304
CACERES,7,6,0,0,1,0,0,0.0,52.870758,31.1,0.0,26.435379,0.3455083909180652
ISLA TRINIDAD,18,13,2,0,3,0,0,0.0,52.870758,31.1,0.0,26.435379,0.8884501480750246
CALCUTA,6,4,2,0,0,0,0,0.0,52.870758,31.1,0.0,26.435379,0.29615004935834155
ISLA ZANZIBAR,28,22,2,0,4,0,0,0.0,52.870758,31.1,0.0,26.435379,1.3820335636722607
MIGUEL S. RIVERA,10,7,1,0,1,1,0,0.0,52.870758,31.1,0.0,26.435379,0.4935834155972359
ISLA AROSA,11,10,1,0,0,0,0,0.0,52.870758,31.1,0.0,26.435379,0.5429417571569595
32 (CARLOS REYES AVILES),1,1,0,0,0,0,0,0.0,52.870758,31.1,0.0,26.435379,0.04935834155972359
SAN MAURO,1,1,0,0,0,0,0,0.0,52.870758,31.1,0.0,26.435379,0.04935834155972359
EMILIO ACEVEDO,12,11,1,0,0,0,0,0.0,52.870758,31.1,0.0,26.435379,0.5923000987166831
JOSE MARIA MENA,5,3,0,0,2,0,0,0.0,52.870758,31.1,0.0,26.435379,0.24679170779861795
PORFIRIO NERI,3,1,1,0,1,0,0,0.0,52.870758,31.1,0.0,26.435379,0.14807502467917077
ISLA TORY,20,20,0,0,0,0,0,0.0,52.870758,31.1,0.0,26.435379,0.9871668311944718
ALTOS HORNOS,9,8,0,0,1,0,0,0.0,52.870758,31.1,0.0,26.435379,0.4442250740375123
QUERIDO MOHENO,19,17,1,0,1,0,0,0.0,52.870758,31.1,0.0,26.435379,0.9378084896347483
AVENIDA DE LA PATRIA ORIENTE,13,8,1,0,4,0,0,0.0,52.870758,31.1,0.0,26.435379,0.6416584402764067
ISLA TENERIFE,4,4,0,0,0,0,0,0.0,52.870758,31.1,0.0,26.435379,0.19743336623889435
COATLAN,20,14,2,0,4,0,0,0.0,52.870758,31.1,0.0,26.435379,0.9871668311944718
TALADRO,8,8,0,0,0,0,0,0.0,52.870758,31.1,0.0,26.435379,0.3948667324777887
TOXCALTL,2,2,0,0,0,0,0,0.0,52.870758,31.1,0.0,26.435379,0.09871668311944717
AGUA FRIA,1,1,0,0,0,0,0,0.0,52.870758,31.1,0.0,26.435379,0.04935834155972359
40 TRINIDAD ARVIZU,2,1,1,0,0,0,0,0.0,52.870758,31.1,0.0,26.435379,0.09871668311944717
FIDIAS,16,16,0,0,0,0,0,0.0,52.870758,31.1,0.0,26.435379,0.7897334649555774
34,8,7,1,0,0,0,0,0.0,52.870758,31.1,0.0,26.435379,0.3948667324777887
RIO HONDO,12,10,1,0,0,1,0,0.0,52.870758,31.1,0.0,26.435379,0.5923000987166831
RIO CUESTA,8,7,0,0,1,0,0,0.0,52.870758,31.1,0.0,26.435379,0.3948667324777887
14-A,10,6,2,0,2,0,0,0.0,52.870758,31.1,0.0,26.435379,0.4935834155972359
ATENAS,8,8,0,0,0,0,0,0.0,52.870758,31.1,0.0,26.435379,0.3948667324777887
AVENIDA GOBERNADOR LUIS G CURIEL,1,1,0,0,0,0,0,0.0,52.870758,31.1,0.0,26.435379,0.04935834155972359
IGNACIO GUTIERREZ,6,4,2,0,0,0,0,0.0,52.870758,31.1,0.0,26.435379,0.29615004935834155
28 (CONCEPCION LOY),5,3,1,0,1,0,0,0.0,52.870758,31.1,0.0,26.435379,0.24679170779861795
JUAN GOMEZ DE PARADA,7,6,0,0,1,0,0,0.0,52.870758,31.1,0.0,26.435379,0.3455083909180652
GARBANZO,30,25,2,0,2,1,0,0.0,52.870758,31.1,0.0,26.435379,1.4807502467917077
MARCO A. JIMENEZ,2,1,1,0,0,0,0,0.0,52.870758,31.1,0.0,26.435379,0.09871668311944717
J. JOSE AGUILERA,7,6,1,0,0,0,0,0.0,52.870758,31.1,0.0,26.435379,0.3455083909180652
RAMON PACHECO,24,19,0,0,3,2,0,0.0,52.870758,31.1,0.0,26.435379,1.1846001974333662
PANAMA,26,16,6,0,2,2,0,0.0,52.870758,31.1,0.0,26.435379,1.2833168805528135
ORQUESTA,13,11,1,1,0,0,0,0.0,52.870758,31.1,0.0,26.435379,0.6416584402764067
HACIENDA GUADALUPE,8,6,1,0,1,0,0,0.0,52.870758,31.1,0.0,26.435379,0.3948667324777887
ANTONIO MENENDEZ,2,2,0,0,0,0,0,0.0,52.870758,31.1,0.0,26.435379,0.09871668311944717
ELISA CAMERON,2,2,0,0,0,0,0,0.0,52.870758,31.1,0.0,26.435379,0.09871668311944717
AXAYACATL,6,5,0,0,1,0,0,0.0,52.870758,31.1,0.0,26.435379,0.29615004935834155
HACIENDA JARDIN,13,8,2,0,3,0,0,0.0,52.870758,31.1,0.0,26.435379,0.6416584402764067
RIO PANUCO,23,19,3,0,1,0,0,0.0,52.870758,31.1,0.0,26.435379,1.1352418558736426
ALONDRA,3,2,1,0,0,0,0,0.0,52.870758,31.1,0.0,26.435379,0.14807502467917077
RIO PRESAS,9,7,1,0,1,0,0,0.0,52.870758,31.1,0.0,26.435379,0.4442250740375123
GUTY CARDENAS,3,2,1,0,0,0,0,0.0,52.870758,31.1,0.0,26.435379,0.14807502467917077
DEL FEDERALISMO NORTE,7,7,0,0,0,0,0,0.0,52.870758,31.1,0.0,26.435379,0.3455083909180652
ESMERIL,17,12,2,0,3,0,0,0.0,52.870758,31.1,0.0,26.435379,0.839091806515301
FERNANDO SOLIS,38,30,5,0,3,0,0,0.0,52.870758,31.1,0.0,26.435379,1.8756169792694966
JUAN JOSE DE LA GARZA,11,7,3,0,1,0,0,0.0,52.870758,31.1,0.0,26.435379,0.5429417571569595
40 (TRINIDAD ARVIZU),5,3,1,0,1,0,0,0.0,52.870758,31.1,0.0,26.435379,0.24679170779861795
20,4,3,1,0,0,0,0,0.0,52.870758,31.1,0.0,26.435379,0.19743336623889435
PAULA VERJAN,8,8,0,0,0,0,0,0.0,52.870758,31.1,0.0,26.435379,0.3948667324777887
J. CAPISTRAN,17,15,2,0,0,0,0,0.0,52.870758,31.1,0.0,26.435379,0.839091806515301
RAFAEL NAMBO,5,5,0,0,0,0,0,0.0,52.870758,31.1,0.0,26.435379,0.24679170779861795
AV ALEMANIA,1,1,0,0,0,0,0,0.0,52.870758,31.1,0.0,26.435379,0.04935834155972359
HACIENDA DE CAJAS,1,1,0,0,0,0,0,0.0,52.870758,31.1,0.0,26.435379,0.04935834155972359
SAN ISMAEL,7,5,2,0,0,0,0,0.0,52.870758,31.1,0.0,26.435379,0.3455083909180652
DIEGO DURAN,9,5,2,0,2,0,0,0.0,52.870758,31.1,0.0,26.435379,0.4442250740375123
PEDRO GOMEZ MARAVER,8,3,1,0,4,0,0,0.0,52.870758,31.1,0.0,26.435379,0.3948667324777887
AMADO CAMARENA,7,6,1,0,0,0,0,0.0,52.870758,31.1,0.0,26.435379,0.3455083909180652
LORENZO DE TRISTAN,4,3,1,0,0,0,0,0.0,52.870758,31.1,0.0,26.435379,0.19743336623889435
RIO ZAPOTLANEJO,24,21,2,0,1,0,0,0.0,52.870758,31.1,0.0,26.435379,1.1846001974333662
SEGUNDA DE CARLOS GONZALEZ PENA,5,4,0,0,1,0,0,0.0,52.870758,31.1,0.0,26.435379,0.24679170779861795
RAFAEL CAMPOY,5,2,1,0,2,0,0,0.0,52.870758,31.1,0.0,26.435379,0.24679170779861795
HACIENDA EL PLATANAR,28,23,3,1,1,0,0,0.0,52.870758,31.1,0.0,26.435379,1.3820335636722607
GERONIMO TREVINO,4,4,0,0,0,0,0,0.0,52.870758,31.1,0.0,26.435379,0.19743336623889435
3 DE JUNIO,16,11,3,0,1,1,0,0.0,52.870758,31.1,0.0,26.435379,0.7897334649555774
SANTA LUCIA,2,2,0,0,0,0,0,0.0,52.870758,31.1,0.0,26.435379,0.09871668311944717
MARIO GOMEZ,4,3,1,0,0,0,0,0.0,52.870758,31.1,0.0,26.435379,0.19743336623889435
TELEFONISTAS,5,3,1,0,1,0,0,0.0,52.870758,31.1,0.0,26.435379,0.24679170779861795
ARROYO SAN RAMON,4,3,1,0,0,0,0,0.0,52.870758,31.1,0.0,26.435379,0.19743336623889435
MIGUEL DE ALBA,2,1,1,0,0,0,0,0.0,52.870758,31.1,0.0,26.435379,0.09871668311944717
ISLA CURAZAO,16,11,2,0,1,2,0,0.0,52.870758,31.1,0.0,26.435379,0.7897334649555774
PENALOZA,4,3,1,0,0,0,0,0.0,52.870758,31.1,0.0,26.435379,0.19743336623889435
EUCARIO LEON LOPEZ,6,3,1,0,2,0,0,0.0,52.870758,31.1,0.0,26.435379,0.29615004935834155
38 (SAMUEL NAVARRO),16,12,3,0,1,0,0,0.0,52.870758,31.1,0.0,26.435379,0.7897334649555774
FOSFORITA,2,1,0,0,1,0,0,0.0,52.870758,31.1,0.0,26.435379,0.09871668311944717
ALBERTO DURERO,5,3,0,0,2,0,0,0.0,52.870758,31.1,0.0,26.435379,0.24679170779861795
LINO MORALES,11,8,3,0,0,0,0,0.0,52.870758,31.1,0.0,26.435379,0.5429417571569595
GENERAL ALDAMA,3,2,1,0,0,0,0,0.0,52.870758,31.1,0.0,26.435379,0.14807502467917077
ISLA MARIA MAGDALENA,2,2,0,0,0,0,0,0.0,52.870758,31.1,0.0,26.435379,0.09871668311944717
TIRO,3,3,0,0,0,0,0,0.0,52.870758,31.1,0.0,26.435379,0.14807502467917077
ALBERTO CORIA,1,1,0,0,0,0,0,0.0,52.870758,31.1,0.0,26.435379,0.04935834155972359
GUILLERMO DE ALBA,3,2,1,0,0,0,0,0.0,52.870758,31.1,0.0,26.435379,0.14807502467917077
PRESA PALMITO,10,8,2,0,0,0,0,0.0,52.870758,31.1,0.0,26.435379,0.4935834155972359
DOS CANAS,2,2,0,0,0,0,0,0.0,52.870758,31.1,0.0,26.435379,0.09871668311944717
ISLA DE ONS,8,6,2,0,0,0,0,0.0,52.870758,31.1,0.0,26.435379,0.3948667324777887
ECLIPSE,12,11,0,0,1,0,0,0.0,52.870758,31.1,0.0,26.435379,0.5923000987166831
GANSO,13,12,0,0,0,1,0,0.0,52.870758,31.1,0.0,26.435379,0.6416584402764067
JOSE GARCIA,4,3,1,0,0,0,0,0.0,52.870758,31.1,0.0,26.435379,0.19743336623889435
42 (CRUZ GALVEZ),5,3,0,0,2,0,0,0.0,52.870758,31.1,0.0,26.435379,0.24679170779861795
CEBADA,13,11,1,0,1,0,0,0.0,52.870758,31.1,0.0,26.435379,0.6416584402764067
DINAMARCA,3,3,0,0,0,0,0,0.0,52.870758,31.1,0.0,26.435379,0.14807502467917077
SEXTA,1,1,0,0,0,0,0,0.0,52.870758,31.1,0.0,26.435379,0.04935834155972359
RIO TAMESIS,3,3,0,0,0,0,0,0.0,52.870758,31.1,0.0,26.435379,0.14807502467917077
PASAJE DE LOS HERREROS,38,37,0,0,1,0,0,0.0,52.870758,31.1,0.0,26.435379,1.8756169792694966
RAMON SILVA,17,11,6,0,0,0,0,0.0,52.870758,31.1,0.0,26.435379,0.839091806515301
LAS CONCHAS,36,27,4,0,5,0,0,0.0,52.870758,31.1,0.0,26.435379,1.7769002961500493
ISLA MUJERES,1,1,0,0,0,0,0,0.0,52.870758,31.1,0.0,26.435379,0.04935834155972359
LICURGO,12,10,1,0,1,0,0,0.0,52.870758,31.1,0.0,26.435379,0.5923000987166831
AFRICA,6,6,0,0,0,0,0,0.0,52.870758,31.1,0.0,26.435379,0.29615004935834155
JOAQUIN MARTINEZ CHAVARRIA,46,30,5,1,9,1,0,0.0,52.870758,31.1,0.0,26.435379,2.270483711747285
COATZINTLA,13,10,0,0,3,0,0,0.0,52.870758,31.1,0.0,26.435379,0.6416584402764067
LAS TORRES,1,1,0,0,0,0,0,0.0,52.870758,31.1,0.0,26.435379,0.04935834155972359
ABASOLO,5,5,0,0,0,0,0,0.0,52.870758,31.1,0.0,26.435379,0.24679170779861795
CIRUELO,12,9,1,0,2,0,0,0.0,52.870758,31.1,0.0,26.435379,0.5923000987166831
9 (CARLOS A. CARRILLO),3,3,0,0,0,0,0,0.0,52.870758,31.1,0.0,26.435379,0.14807502467917077
FRANCISCO DE QUEVEDO,65,42,5,0,18,0,0,0.0,52.870758,31.1,0.0,26.435379,3.2082922013820334
CERRO DEL BORREGO,3,2,1,0,0,0,0,0.0,52.870758,31.1,0.0,26.435379,0.14807502467917077
REPUBLICA DE CHILE,6,5,0,0,0,1,0,0.0,52.870758,31.1,0.0,26.435379,0.29615004935834155
PUERTO CHAMELA,11,11,0,0,0,0,0,0.0,52.870758,31.1,0.0,26.435379,0.5429417571569595
8 LATERAL,1,1,0,0,0,0,0,0.0,52.870758,31.1,0.0,26.435379,0.04935834155972359
LA CAPILLA,4,3,1,0,0,0,0,0.0,52.870758,31.1,0.0,26.435379,0.19743336623889435
LA PIEDROTA,1,1,0,0,0,0,0,0.0,52.870758,31.1,0.0,26.435379,0.04935834155972359
IGNACIO COVARRUBIAS R.,2,2,0,0,0,0,0,0.0,52.870758,31.1,0.0,26.435379,0.09871668311944717
TAPALPA,4,4,0,0,0,0,0,0.0,52.870758,31.1,0.0,26.435379,0.19743336623889435
MIGUEL RAMOS ARIZPE,33,22,7,1,2,1,0,0.0,52.870758,31.1,0.0,26.435379,1.6288252714708784
REVOLUCION PONIENTE,11,10,1,0,0,0,0,0.0,52.870758,31.1,0.0,26.435379,0.5429417571569595
OTRANTO,10,10,0,0,0,0,0,0.0,52.870758,31.1,0.0,26.435379,0.4935834155972359
B. GUTIERREZ,2,2,0,0,0,0,0,0.0,52.870758,31.1,0.0,26.435379,0.09871668311944717
FRAY ANTONIO MARGIL DE JESUS,15,10,3,0,2,0,0,0.0,52.870758,31.1,0.0,26.435379,0.7403751233958539
SUCRE,40,30,7,0,2,1,0,0.0,52.870758,31.1,0.0,26.435379,1.9743336623889436
38,4,3,0,1,0,0,0,0.0,52.870758,31.1,0.0,26.435379,0.19743336623889435
ROMULO VELAZCO,10,5,3,0,2,0,0,0.0,52.870758,31.1,0.0,26.435379,0.4935834155972359
PASEO DEGOLLADO,71,61,1,0,9,0,0,0.0,52.870758,31.1,0.0,26.435379,3.504442250740375
CARLOS MARTINEZ,3,3,0,0,0,0,0,0.0,52.870758,31.1,0.0,26.435379,0.14807502467917077
PONCIANO ARRIAGA,11,10,1,0,0,0,0,0.0,52.870758,31.1,0.0,26.435379,0.5429417571569595
IZCALLI,5,4,1,0,0,0,0,0.0,52.870758,31.1,0.0,26.435379,0.24679170779861795
PLAN DE SAN LUIS,12,11,1,0,0,0,0,0.0,52.870758,31.1,0.0,26.435379,0.5923000987166831
VOLCAN ATITLAN,10,7,3,0,0,0,0,0.0,52.870758,31.1,0.0,26.435379,0.4935834155972359
CALLE 13,1,1,0,0,0,0,0,0.0,52.870758,31.1,0.0,26.435379,0.04935834155972359
JOSE SIXTO VERDUZCO,4,4,0,0,0,0,0,0.0,52.870758,31.1,0.0,26.435379,0.19743336623889435
MADRID,6,6,0,0,0,0,0,0.0,52.870758,31.1,0.0,26.435379,0.29615004935834155
MURCIA,1,1,0,0,0,0,0,0.0,52.870758,31.1,0.0,26.435379,0.04935834155972359
JOSE GUILLERMO CARBO,17,13,3,0,1,0,0,0.0,52.870758,31.1,0.0,26.435379,0.839091806515301
SAN HERACLIO,4,3,1,0,0,0,0,0.0,52.870758,31.1,0.0,26.435379,0.19743336623889435
LA GIGANTERA,1,1,0,0,0,0,0,0.0,52.870758,31.1,0.0,26.435379,0.04935834155972359
MARIANA ESTRADA,5,3,1,0,1,0,0,0.0,52.870758,31.1,0.0,26.435379,0.24679170779861795
HACIENDA EL SALTO,5,3,1,0,1,0,0,0.0,52.870758,31.1,0.0,26.435379,0.24679170779861795
JUAN JOSE RIOS,8,5,2,0,1,0,0,0.0,52.870758,31.1,0.0,26.435379,0.3948667324777887
ANDRES ARROYO DE ANDA,4,2,1,0,1,0,0,0.0,52.870758,31.1,0.0,26.435379,0.19743336623889435
HACIENDA EL GUAYABO,5,3,1,0,1,0,0,0.0,52.870758,31.1,0.0,26.435379,0.24679170779861795
NICOLAS ZAPATA,1,1,0,0,0,0,0,0.0,52.870758,31.1,0.0,26.435379,0.04935834155972359
DOCTOR ROBERTO WEEKS LOPEZ,27,23,2,0,2,0,0,0.0,52.870758,31.1,0.0,26.435379,1.332675222112537
VOLCAN NIEVA,4,4,0,0,0,0,0,0.0,52.870758,31.1,0.0,26.435379,0.19743336623889435
FELIPE BERRIOZABAL,4,4,0,0,0,0,0,0.0,52.870758,31.1,0.0,26.435379,0.19743336623889435
SAN PIO,7,3,3,0,1,0,0,0.0,52.870758,31.1,0.0,26.435379,0.3455083909180652
AGUA ZARCA,1,1,0,0,0,0,0,0.0,52.870758,31.1,0.0,26.435379,0.04935834155972359
ONIX,9,6,2,0,1,0,0,0.0,52.870758,31.1,0.0,26.435379,0.4442250740375123
CARLOS MORENO,3,2,0,0,1,0,0,0.0,52.870758,31.1,0.0,26.435379,0.14807502467917077
MONTE LIBANO,2,1,0,0,0,1,0,0.0,52.870758,31.1,0.0,26.435379,0.09871668311944717
CLEMENTE AGUIRRE,12,10,1,0,1,0,0,0.0,52.870758,31.1,0.0,26.435379,0.5923000987166831
FRANCISCO MARCOS MANGOYT,2,2,0,0,0,0,0,0.0,52.870758,31.1,0.0,26.435379,0.09871668311944717
VOLCAN VESUBIO,1,1,0,0,0,0,0,0.0,52.870758,31.1,0.0,26.435379,0.04935834155972359
MANUEL CEBALLOS PALOMERA,6,4,1,0,0,1,0,0.0,52.870758,31.1,0.0,26.435379,0.29615004935834155
BERNARDO GUTIERREZ,1,1,0,0,0,0,0,0.0,52.870758,31.1,0.0,26.435379,0.04935834155972359
RAFAEL CRAVIOTO,5,5,0,0,0,0,0,0.0,52.870758,31.1,0.0,26.435379,0.24679170779861795
ZENZONTLE,14,12,1,0,1,0,0,0.0,52.870758,31.1,0.0,26.435379,0.6910167818361304
PROFESOR AGRAZ,6,5,1,0,0,0,0,0.0,52.870758,31.1,0.0,26.435379,0.29615004935834155
JORGE ISAAC,36,29,4,0,3,0,0,0.0,52.870758,31.1,0.0,26.435379,1.7769002961500493
ESCUELA,16,15,1,0,0,0,0,0.0,52.870758,31.1,0.0,26.435379,0.7897334649555774
RIO AMARILLO,2,2,0,0,0,0,0,0.0,52.870758,31.1,0.0,26.435379,0.09871668311944717
H. ALVARADO TEZOZOMOC,11,8,1,0,1,1,0,0.0,52.870758,31.1,0.0,26.435379,0.5429417571569595
URBANO SAN ROMAN,16,15,0,0,1,0,0,0.0,52.870758,31.1,0.0,26.435379,0.7897334649555774
NANCE,34,30,4,0,0,0,0,0.0,52.870758,31.1,0.0,26.435379,1.678183613030602
SAMUEL RAMOS,20,18,1,0,1,0,0,0.0,52.870758,31.1,0.0,26.435379,0.9871668311944718
CEPILLO,9,7,1,0,0,1,0,0.0,52.870758,31.1,0.0,26.435379,0.4442250740375123
ARMILLITA,13,9,4,0,0,0,0,0.0,52.870758,31.1,0.0,26.435379,0.6416584402764067
PROCURADORES,49,33,3,0,7,6,0,0.0,52.870758,31.1,0.0,26.435379,2.4185587364264562
URRACA,3,3,0,0,0,0,0,0.0,52.870758,31.1,0.0,26.435379,0.14807502467917077
JOSE SOTELO CASTANEDA,3,3,0,0,0,0,0,0.0,52.870758,31.1,0.0,26.435379,0.14807502467917077
ESTANO,7,5,1,0,0,1,0,0.0,52.870758,31.1,0.0,26.435379,0.3455083909180652
NUEVO MUNDO,4,4,0,0,0,0,0,0.0,52.870758,31.1,0.0,26.435379,0.19743336623889435
AMADO DE LA CUEVA,5,4,1,0,0,0,0,0.0,52.870758,31.1,0.0,26.435379,0.24679170779861795
64-A,1,1,0,0,0,0,0,0.0,52.870758,31.1,0.0,26.435379,0.04935834155972359
RIO AUTLAN,23,16,4,0,3,0,0,0.0,52.870758,31.1,0.0,26.435379,1.1352418558736426
AVISPA,47,43,2,0,2,0,0,0.0,52.870758,31.1,0.0,26.435379,2.319842053307009
MAZATLAN,4,2,0,0,2,0,0,0.0,52.870758,31.1,0.0,26.435379,0.19743336623889435
EL DIA,17,17,0,0,0,0,0,0.0,52.870758,31.1,0.0,26.435379,0.839091806515301
PUERTO ENSENADA,26,18,3,0,5,0,0,0.0,52.870758,31.1,0.0,26.435379,1.2833168805528135
JESUS CAMARENA,3,2,1,0,0,0,0,0.0,52.870758,31.1,0.0,26.435379,0.14807502467917077
FEDERICO ALATORRE,8,5,1,0,0,2,0,0.0,52.870758,31.1,0.0,26.435379,0.3948667324777887
JACINTO LOPEZ,8,7,1,0,0,0,0,0.0,52.870758,31.1,0.0,26.435379,0.3948667324777887
T. GARCIA,1,1,0,0,0,0,0,0.0,52.870758,31.1,0.0,26.435379,0.04935834155972359
FERROCARRIL,14,12,0,0,1,1,0,0.0,52.870758,31.1,0.0,26.435379,0.6910167818361304
JORDAN NORTE,32,19,3,0,7,3,0,0.0,52.870758,31.1,0.0,26.435379,1.5794669299111548
DR ROBERTO MICHEL,2,2,0,0,0,0,0,0.0,52.870758,31.1,0.0,26.435379,0.09871668311944717
RAMON MORALES,1,1,0,0,0,0,0,0.0,52.870758,31.1,0.0,26.435379,0.04935834155972359
GUADALAJARA-CHAPALA KM. 15 500,1,1,0,0,0,0,0,0.0,52.870758,31.1,0.0,26.435379,0.04935834155972359
ORIENTE,1,1,0,0,0,0,0,0.0,52.870758,31.1,0.0,26.435379,0.04935834155972359
ADOLFO LOPEZ MATEOS SUR,102,82,4,0,14,2,0,0.0,52.870758,31.1,0.0,26.435379,5.034550839091807
BELLOTA,17,15,1,0,1,0,0,0.0,52.870758,31.1,0.0,26.435379,0.839091806515301
LIBELULA,7,6,1,0,0,0,0,0.0,52.870758,31.1,0.0,26.435379,0.3455083909180652
ESTADIO,26,18,4,0,4,0,0,0.0,52.870758,31.1,0.0,26.435379,1.2833168805528135
UNIVERSO,7,7,0,0,0,0,0,0.0,52.870758,31.1,0.0,26.435379,0.3455083909180652
CHICALOTE,78,62,13,0,3,0,0,0.0,52.870758,31.1,0.0,26.435379,3.8499506416584404
AV PATRIA,2,2,0,0,0,0,0,0.0,52.870758,31.1,0.0,26.435379,0.09871668311944717
DEL EJERCITO,12,11,0,0,1,0,0,0.0,52.870758,31.1,0.0,26.435379,0.5923000987166831
LUIS MORONES,5,5,0,0,0,0,0,0.0,52.870758,31.1,0.0,26.435379,0.24679170779861795
ORIENTE 3,4,4,0,0,0,0,0,0.0,52.870758,31.1,0.0,26.435379,0.19743336623889435
LUCIERNAGA,7,7,0,0,0,0,0,0.0,52.870758,31.1,0.0,26.435379,0.3455083909180652
BALDERAS,8,6,1,0,1,0,0,0.0,52.870758,31.1,0.0,26.435379,0.3948667324777887
ANILLO PERIFERICO SUR,3,3,0,0,0,0,0,0.0,52.870758,31.1,0.0,26.435379,0.14807502467917077
AV. REAL ACUEDUCTO,1,1,0,0,0,0,0,0.0,52.870758,31.1,0.0,26.435379,0.04935834155972359
GOYA,9,9,0,0,0,0,0,0.0,52.870758,31.1,0.0,26.435379,0.4442250740375123
NOPAL,37,36,0,0,1,0,0,0.0,52.870758,31.1,0.0,26.435379,1.826258637709773
PASILLO CENTRAL,32,23,0,0,7,2,0,0.0,52.870758,31.1,0.0,26.435379,1.5794669299111548
BETABEL,58,57,1,0,0,0,0,0.0,52.870758,31.1,0.0,26.435379,2.8627838104639687
FRAY ANGELICO,37,31,1,0,5,0,0,0.0,52.870758,31.1,0.0,26.435379,1.826258637709773
CENIT,9,9,0,0,0,0,0,0.0,52.870758,31.1,0.0,26.435379,0.4442250740375123
PINON,19,17,1,0,1,0,0,0.0,52.870758,31.1,0.0,26.435379,0.9378084896347483
SAN BALTAZAR,13,9,4,0,0,0,0,0.0,52.870758,31.1,0.0,26.435379,0.6416584402764067
ALCALDE,9,9,0,0,0,0,0,0.0,52.870758,31.1,0.0,26.435379,0.4442250740375123
SORRENTO,2,2,0,0,0,0,0,0.0,52.870758,31.1,0.0,26.435379,0.09871668311944717
GABRIEL CASTANOS,10,10,0,0,0,0,0,0.0,52.870758,31.1,0.0,26.435379,0.4935834155972359
HACIENDA ZENZONTLA,11,8,2,0,1,0,0,0.0,52.870758,31.1,0.0,26.435379,0.5429417571569595
AVENIDA UNION,1,1,0,0,0,0,0,0.0,52.870758,31.1,0.0,26.435379,0.04935834155972359
ANTONIO VALERIANO,4,4,0,0,0,0,0,0.0,52.870758,31.1,0.0,26.435379,0.19743336623889435
JESUS GONZALEZ GALLO,5,5,0,0,0,0,0,0.0,52.870758,31.1,0.0,26.435379,0.24679170779861795
CALABAZA,59,55,3,0,1,0,0,0.0,52.870758,31.1,0.0,26.435379,2.912142152023692
CHICHARO,58,55,2,0,1,0,0,0.0,52.870758,31.1,0.0,26.435379,2.8627838104639687
RIO MEZCALA,6,4,0,0,2,0,0,0.0,52.870758,31.1,0.0,26.435379,0.29615004935834155
MANUEL R ALATORRE,1,1,0,0,0,0,0,0.0,52.870758,31.1,0.0,26.435379,0.04935834155972359
CLAVEL,9,7,2,0,0,0,0,0.0,52.870758,31.1,0.0,26.435379,0.4442250740375123
ABEJA,33,29,3,0,1,0,0,0.0,52.870758,31.1,0.0,26.435379,1.6288252714708784
MANUEL ANDRADE,9,8,1,0,0,0,0,0.0,52.870758,31.1,0.0,26.435379,0.4442250740375123
HEROES,13,11,1,0,1,0,0,0.0,52.870758,31.1,0.0,26.435379,0.6416584402764067
ESTABAN LOERA,4,4,0,0,0,0,0,0.0,52.870758,31.1,0.0,26.435379,0.19743336623889435
A TONALA,2,2,0,0,0,0,0,0.0,52.870758,31.1,0.0,26.435379,0.09871668311944717
TORMENTA,3,3,0,0,0,0,0,0.0,52.870758,31.1,0.0,26.435379,0.14807502467917077
44 (DAVID G. BERNAGA),7,6,0,0,1,0,0,0.0,52.870758,31.1,0.0,26.435379,0.3455083909180652
RAMON M. GALINDO,5,4,0,0,1,0,0,0.0,52.870758,31.1,0.0,26.435379,0.24679170779861795
INGENIERO MANUEL GONZALEZ,8,8,0,0,0,0,0,0.0,52.870758,31.1,0.0,26.435379,0.3948667324777887
PASEO SAN EDUARDO,1,1,0,0,0,0,0,0.0,52.870758,31.1,0.0,26.435379,0.04935834155972359
RINCONADA DE AZALEA,3,3,0,0,0,0,0,0.0,52.870758,31.1,0.0,26.435379,0.14807502467917077
LA NOCHE,9,8,0,0,1,0,0,0.0,52.870758,31.1,0.0,26.435379,0.4442250740375123
COMPRESOR,6,5,0,0,1,0,0,0.0,52.870758,31.1,0.0,26.435379,0.29615004935834155
NICOLAS COPERNICO,2,2,0,0,0,0,0,0.0,52.870758,31.1,0.0,26.435379,0.09871668311944717
GENERAL MARCELINO GARCIA BARRAGAN,13,13,0,0,0,0,0,0.0,52.870758,31.1,0.0,26.435379,0.6416584402764067
ISLAS PALOS,9,7,2,0,0,0,0,0.0,52.870758,31.1,0.0,26.435379,0.4442250740375123
DR. R. MICHEL,2,2,0,0,0,0,0,0.0,52.870758,31.1,0.0,26.435379,0.09871668311944717
AVENIDA DEL MERCADO,60,53,6,0,1,0,0,0.0,52.870758,31.1,0.0,26.435379,2.9615004935834155
POMPEYA,13,13,0,0,0,0,0,0.0,52.870758,31.1,0.0,26.435379,0.6416584402764067
RIO VERDE,1,1,0,0,0,0,0,0.0,52.870758,31.1,0.0,26.435379,0.04935834155972359
ELOTE,33,31,1,0,1,0,0,0.0,52.870758,31.1,0.0,26.435379,1.6288252714708784
ISLA KINAROS,9,8,1,0,0,0,0,0.0,52.870758,31.1,0.0,26.435379,0.4442250740375123
CAMICHIN,2,2,0,0,0,0,0,0.0,52.870758,31.1,0.0,26.435379,0.09871668311944717
CALLE 4,1,1,0,0,0,0,0,0.0,52.870758,31.1,0.0,26.435379,0.04935834155972359
HACIENDA LACROIX,12,9,1,0,0,2,0,0.0,52.870758,31.1,0.0,26.435379,0.5923000987166831
ISLA MAGDALENA,6,6,0,0,0,0,0,0.0,52.870758,31.1,0.0,26.435379,0.29615004935834155
ADOLFO LOPEZ MATEOS,7,6,1,0,0,0,0,0.0,52.870758,31.1,0.0,26.435379,0.3455083909180652
CONDOMINIO SAN FRANCISCO,3,0,1,0,2,0,0,0.0,52.870758,31.1,0.0,26.435379,0.14807502467917077
MAR BLANCO,3,1,0,0,2,0,0,0.0,52.870758,31.1,0.0,26.435379,0.14807502467917077
MAGNESIO,1,1,0,0,0,0,0,0.0,52.870758,31.1,0.0,26.435379,0.04935834155972359
NINOES HEROES,2,2,0,0,0,0,0,0.0,52.870758,31.1,0.0,26.435379,0.09871668311944717
CARLOS MERIDA,3,3,0,0,0,0,0,0.0,52.870758,31.1,0.0,26.435379,0.14807502467917077
FRANSISCO I. MADERO,1,1,0,0,0,0,0,0.0,52.870758,31.1,0.0,26.435379,0.04935834155972359
CLZ GOB LUIS G CURIEL,1,1,0,0,0,0,0,0.0,52.870758,31.1,0.0,26.435379,0.04935834155972359
GOBERNADOR LUIS G CURIEL,4,4,0,0,0,0,0,0.0,52.870758,31.1,0.0,26.435379,0.19743336623889435
CALZADA GOBERNADOR LUIS G. CURIEL,1,1,0,0,0,0,0,0.0,52.870758,31.1,0.0,26.435379,0.04935834155972359
RUFINO TAMAYO,22,16,3,0,3,0,0,0.0,52.870758,31.1,0.0,26.435379,1.085883514313919
MARK TWAIN,1,1,0,0,0,0,0,0.0,52.870758,31.1,0.0,26.435379,0.04935834155972359
MERCURIO,5,5,0,0,0,0,0,0.0,52.870758,31.1,0.0,26.435379,0.24679170779861795
JOSE MARIA ECHAURI,15,9,1,0,2,3,0,0.0,52.870758,31.1,0.0,26.435379,0.7403751233958539
JOAQUIN AGUIRRE BERLANGA,8,6,0,0,2,0,0,0.0,52.870758,31.1,0.0,26.435379,0.3948667324777887
LUIS GONZALEZ OBREGON,18,13,3,0,2,0,0,0.0,52.870758,31.1,0.0,26.435379,0.8884501480750246
MARIA URIBE,33,20,8,0,4,1,0,0.0,52.870758,31.1,0.0,26.435379,1.6288252714708784
TUNA,14,9,2,0,3,0,0,0.0,52.870758,31.1,0.0,26.435379,0.6910167818361304
CINCINNATI,5,5,0,0,0,0,0,0.0,52.870758,31.1,0.0,26.435379,0.24679170779861795
GUARANI,6,2,2,0,2,0,0,0.0,52.870758,31.1,0.0,26.435379,0.29615004935834155
VOLCAN POMPEYA,2,1,0,0,1,0,0,0.0,52.870758,31.1,0.0,26.435379,0.09871668311944717
RIO NEGRO,4,3,0,0,1,0,0,0.0,52.870758,31.1,0.0,26.435379,0.19743336623889435
MAESTRANZA,44,32,3,0,7,2,0,0.0,52.870758,31.1,0.0,26.435379,2.171767028627838
CREDITO,15,11,2,0,1,1,0,0.0,52.870758,31.1,0.0,26.435379,0.7403751233958539
HACIENDA CORRALEJOS,2,1,1,0,0,0,0,0.0,52.870758,31.1,0.0,26.435379,0.09871668311944717
JOSE BERNARDO COUTO,5,2,2,0,1,0,0,0.0,52.870758,31.1,0.0,26.435379,0.24679170779861795
BIBIANO DAVALOS,7,5,0,0,2,0,0,0.0,52.870758,31.1,0.0,26.435379,0.3455083909180652
COSMOS,11,11,0,0,0,0,0,0.0,52.870758,31.1,0.0,26.435379,0.5429417571569595
DEL FEDERALISMO,2,2,0,0,0,0,0,0.0,52.870758,31.1,0.0,26.435379,0.09871668311944717
MAYORDOMO,3,2,0,0,1,0,0,0.0,52.870758,31.1,0.0,26.435379,0.14807502467917077
RINCONADA DEL TULIPAN,2,2,0,0,0,0,0,0.0,52.870758,31.1,0.0,26.435379,0.09871668311944717
LA PAZ,3,3,0,0,0,0,0,0.0,52.870758,31.1,0.0,26.435379,0.14807502467917077
JESUS MICHEL GONZALEZ,1,1,0,0,0,0,0,0.0,52.870758,31.1,0.0,26.435379,0.04935834155972359
CHAPULTEPEC,8,8,0,0,0,0,0,0.0,52.870758,31.1,0.0,26.435379,0.3948667324777887
COMETA,1,1,0,0,0,0,0,0.0,52.870758,31.1,0.0,26.435379,0.04935834155972359
GUADALUPE,75,58,2,0,10,5,0,0.0,52.870758,31.1,0.0,26.435379,3.7018756169792693
UXMAL,16,11,1,0,2,2,0,0.0,52.870758,31.1,0.0,26.435379,0.7897334649555774
CORONILLA,13,3,2,0,5,3,0,0.0,52.870758,31.1,0.0,26.435379,0.6416584402764067
ISLA BARU,8,5,2,0,0,1,0,0.0,52.870758,31.1,0.0,26.435379,0.3948667324777887
VOLCAN MAIPO,4,3,1,0,0,0,0,0.0,52.870758,31.1,0.0,26.435379,0.19743336623889435
RAMAL DEL FERROCARIL,1,1,0,0,0,0,0,0.0,52.870758,31.1,0.0,26.435379,0.04935834155972359
AGUSTIN YANES,1,1,0,0,0,0,0,0.0,52.870758,31.1,0.0,26.435379,0.04935834155972359
MIGUEL CABRERA,8,7,1,0,0,0,0,0.0,52.870758,31.1,0.0,26.435379,0.3948667324777887
LOMA BONITA,3,3,0,0,0,0,0,0.0,52.870758,31.1,0.0,26.435379,0.14807502467917077
ANTONIO MOLINA,12,11,1,0,0,0,0,0.0,52.870758,31.1,0.0,26.435379,0.5923000987166831
RIO SUCHIATE,27,16,3,0,8,0,0,0.0,52.870758,31.1,0.0,26.435379,1.332675222112537
NINO OBRERO,3,3,0,0,0,0,0,0.0,52.870758,31.1,0.0,26.435379,0.14807502467917077
HACIENDA LA CALERILLA,1,1,0,0,0,0,0,0.0,52.870758,31.1,0.0,26.435379,0.04935834155972359
FRANCISCO MATEOS Y CINCO MINAS,3,1,2,0,0,0,0,0.0,52.870758,31.1,0.0,26.435379,0.14807502467917077
J. ANTONIO TORRES,16,14,1,0,1,0,0,0.0,52.870758,31.1,0.0,26.435379,0.7897334649555774
MONTES PIRINEOS,9,6,0,1,2,0,0,0.0,52.870758,31.1,0.0,26.435379,0.4442250740375123
FEDERALISMO,6,6,0,0,0,0,0,0.0,52.870758,31.1,0.0,26.435379,0.29615004935834155
DEL MERCADO,2,2,0,0,0,0,0,0.0,52.870758,31.1,0.0,26.435379,0.09871668311944717
OLEODUCTO,1,1,0,0,0,0,0,0.0,52.870758,31.1,0.0,26.435379,0.04935834155972359
CAMINO AL CUCBA,1,1,0,0,0,0,0,0.0,52.870758,31.1,0.0,26.435379,0.04935834155972359
FRANCISCO SOSA,5,3,1,0,1,0,0,0.0,52.870758,31.1,0.0,26.435379,0.24679170779861795
TOMAS V. GOMEZ,20,17,1,0,2,0,0,0.0,52.870758,31.1,0.0,26.435379,0.9871668311944718
FERNANDEZ LIZARDI,2,2,0,0,0,0,0,0.0,52.870758,31.1,0.0,26.435379,0.09871668311944717
DR R MICHEL,2,2,0,0,0,0,0,0.0,52.870758,31.1,0.0,26.435379,0.09871668311944717
ESCALON,1,1,0,0,0,0,0,0.0,52.870758,31.1,0.0,26.435379,0.04935834155972359
MONACO,6,6,0,0,0,0,0,0.0,52.870758,31.1,0.0,26.435379,0.29615004935834155
DEL BOSQUE,2,2,0,0,0,0,0,0.0,52.870758,31.1,0.0,26.435379,0.09871668311944717
ANTONIO ESPINOZA,8,5,1,0,2,0,0,0.0,52.870758,31.1,0.0,26.435379,0.3948667324777887
TURQUESA,5,4,0,0,1,0,0,0.0,52.870758,31.1,0.0,26.435379,0.24679170779861795
HACIENDA EL CABEZON,4,1,0,0,3,0,0,0.0,52.870758,31.1,0.0,26.435379,0.19743336623889435
CELERINO NAVARRO,22,16,5,0,1,0,0,0.0,52.870758,31.1,0.0,26.435379,1.085883514313919
JOSE GUADALUPE ZUNO,1,1,0,0,0,0,0,0.0,52.870758,31.1,0.0,26.435379,0.04935834155972359
CUAHUTEMOC,1,1,0,0,0,0,0,0.0,52.870758,31.1,0.0,26.435379,0.04935834155972359
ROMANOS,2,2,0,0,0,0,0,0.0,52.870758,31.1,0.0,26.435379,0.09871668311944717
PEDRO DE MARCHENA,20,17,2,0,1,0,0,0.0,52.870758,31.1,0.0,26.435379,0.9871668311944718
CALDERA,1,1,0,0,0,0,0,0.0,52.870758,31.1,0.0,26.435379,0.04935834155972359
ISLA DE PINOS,6,6,0,0,0,0,0,0.0,52.870758,31.1,0.0,26.435379,0.29615004935834155
MILAN,11,8,0,0,3,0,0,0.0,52.870758,31.1,0.0,26.435379,0.5429417571569595
JUAN I. MATUTE,17,14,1,0,2,0,0,0.0,52.870758,31.1,0.0,26.435379,0.839091806515301
PABLO CASALS,34,28,0,0,6,0,0,0.0,52.870758,31.1,0.0,26.435379,1.678183613030602
RIO TINTO,8,6,2,0,0,0,0,0.0,52.870758,31.1,0.0,26.435379,0.3948667324777887
MARIA DEL REFUGIO BARRAGAN DE TOSCANO,8,7,1,0,0,0,0,0.0,52.870758,31.1,0.0,26.435379,0.3948667324777887
BAHIA CHAMELA,1,1,0,0,0,0,0,0.0,52.870758,31.1,0.0,26.435379,0.04935834155972359
NUEVO PERIFERICO SUR,1,1,0,0,0,0,0,0.0,52.870758,31.1,0.0,26.435379,0.04935834155972359
CALZADA GENERAL EMILIANO ZAPATA SALAZAR LA BARCA COLONIA SAN ANTONIO,1,1,0,0,0,0,0,0.0,52.870758,31.1,0.0,26.435379,0.04935834155972359
ENRIQUE DAZ DE LEN SUR,1,1,0,0,0,0,0,0.0,52.870758,31.1,0.0,26.435379,0.04935834155972359
CALLE DE LA ANGOSTURA,2,1,1,0,0,0,0,0.0,52.870758,31.1,0.0,26.435379,0.09871668311944717
JUAN SUAREZ PERALTA,11,5,0,0,5,1,0,0.0,52.870758,31.1,0.0,26.435379,0.5429417571569595
JUAN SUAREZ DE PERALTA,2,2,0,0,0,0,0,0.0,52.870758,31.1,0.0,26.435379,0.09871668311944717
PASEO VIA ACUEDUCTO,25,23,0,0,1,1,0,0.0,52.870758,31.1,0.0,26.435379,1.2339585389930898
COMPOSTELA,11,10,1,0,0,0,0,0.0,52.870758,31.1,0.0,26.435379,0.5429417571569595
CICLAMOR,3,3,0,0,0,0,0,0.0,52.870758,31.1,0.0,26.435379,0.14807502467917077
LA COSTILLA,1,1,0,0,0,0,0,0.0,52.870758,31.1,0.0,26.435379,0.04935834155972359
FARALLON,1,1,0,0,0,0,0,0.0,52.870758,31.1,0.0,26.435379,0.04935834155972359
MALLORCA,6,5,1,0,0,0,0,0.0,52.870758,31.1,0.0,26.435379,0.29615004935834155
RAYMUNDIO VAZQUEZ HERRERA,1,1,0,0,0,0,0,0.0,52.870758,31.1,0.0,26.435379,0.04935834155972359
RIO ORO,12,8,2,0,0,2,0,0.0,52.870758,31.1,0.0,26.435379,0.5923000987166831
DEL FEDERALISMO SUR,7,7,0,0,0,0,0,0.0,52.870758,31.1,0.0,26.435379,0.3455083909180652
BONIFACIO ANDRADE,5,5,0,0,0,0,0,0.0,52.870758,31.1,0.0,26.435379,0.24679170779861795
BONIFACIO ANDRADA,14,12,0,0,1,1,0,0.0,52.870758,31.1,0.0,26.435379,0.6910167818361304
ANAHUAC,5,2,2,0,1,0,0,0.0,52.870758,31.1,0.0,26.435379,0.24679170779861795
TEJEDORES,14,9,3,0,2,0,0,0.0,52.870758,31.1,0.0,26.435379,0.6910167818361304
JOSE MARIA MERCADO,36,33,1,0,2,0,0,0.0,52.870758,31.1,0.0,26.435379,1.7769002961500493
CAMINO REAL DE COLIMA,1,1,0,0,0,0,0,0.0,52.870758,31.1,0.0,26.435379,0.04935834155972359
HORIZONTE,6,6,0,0,0,0,0,0.0,52.870758,31.1,0.0,26.435379,0.29615004935834155
MAR CASPIO,8,5,1,0,2,0,0,0.0,52.870758,31.1,0.0,26.435379,0.3948667324777887
ENRIQUE CELIS,1,1,0,0,0,0,0,0.0,52.870758,31.1,0.0,26.435379,0.04935834155972359
MAR EGEO,5,5,0,0,0,0,0,0.0,52.870758,31.1,0.0,26.435379,0.24679170779861795
MADERO,20,18,0,0,1,1,0,0.0,52.870758,31.1,0.0,26.435379,0.9871668311944718
RIO SANTIAGO,7,7,0,0,0,0,0,0.0,52.870758,31.1,0.0,26.435379,0.3455083909180652
LUIS J. JIMENEZ,14,9,0,0,3,2,0,0.0,52.870758,31.1,0.0,26.435379,0.6910167818361304
ALAMBIQUES,1,1,0,0,0,0,0,0.0,52.870758,31.1,0.0,26.435379,0.04935834155972359
VALPARAISO,23,21,0,0,2,0,0,0.0,52.870758,31.1,0.0,26.435379,1.1352418558736426
CAYENA,6,6,0,0,0,0,0,0.0,52.870758,31.1,0.0,26.435379,0.29615004935834155
CARLOTA NUNEZ,2,2,0,0,0,0,0,0.0,52.870758,31.1,0.0,26.435379,0.09871668311944717
ANDRES BLANCARTE,17,13,2,0,2,0,0,0.0,52.870758,31.1,0.0,26.435379,0.839091806515301
GOMENTE,1,1,0,0,0,0,0,0.0,52.870758,31.1,0.0,26.435379,0.04935834155972359
MANZANARES,8,7,1,0,0,0,0,0.0,52.870758,31.1,0.0,26.435379,0.3948667324777887
ISLAS ANTILLAS,10,9,1,0,0,0,0,0.0,52.870758,31.1,0.0,26.435379,0.4935834155972359
DELIO MORENO,9,8,0,0,1,0,0,0.0,52.870758,31.1,0.0,26.435379,0.4442250740375123
FRAY JUNIPERO SERRA,47,33,2,2,7,3,0,0.0,52.870758,31.1,0.0,26.435379,2.319842053307009
LITOGRAFIA,14,9,2,0,2,1,0,0.0,52.870758,31.1,0.0,26.435379,0.6910167818361304
MANUEL MENA,3,3,0,0,0,0,0,0.0,52.870758,31.1,0.0,26.435379,0.14807502467917077
CAPUCHINAS,7,4,1,0,1,1,0,0.0,52.870758,31.1,0.0,26.435379,0.3455083909180652
PERAL,4,2,1,0,1,0,0,0.0,52.870758,31.1,0.0,26.435379,0.19743336623889435
PRODUCTIVIDAD PONIENTE,1,1,0,0,0,0,0,0.0,52.870758,31.1,0.0,26.435379,0.04935834155972359
GOMEZ OROZCO,1,1,0,0,0,0,0,0.0,52.870758,31.1,0.0,26.435379,0.04935834155972359
BENJAMIN FRANKLIN,1,1,0,0,0,0,0,0.0,52.870758,31.1,0.0,26.435379,0.04935834155972359
ASIS,2,1,1,0,0,0,0,0.0,52.870758,31.1,0.0,26.435379,0.09871668311944717
DE LAS PALMAS,1,1,0,0,0,0,0,0.0,52.870758,31.1,0.0,26.435379,0.04935834155972359
RIO ESCONDIDO,6,5,0,0,1,0,0,0.0,52.870758,31.1,0.0,26.435379,0.29615004935834155
DOMINGO F. SARMIENTO,3,3,0,0,0,0,0,0.0,52.870758,31.1,0.0,26.435379,0.14807502467917077
INDUSTRIAL,2,1,1,0,0,0,0,0.0,52.870758,31.1,0.0,26.435379,0.09871668311944717
BOTURINI,2,2,0,0,0,0,0,0.0,52.870758,31.1,0.0,26.435379,0.09871668311944717
JOSE ANTONIO TORRES,16,16,0,0,0,0,0,0.0,52.870758,31.1,0.0,26.435379,0.7897334649555774
LICENCIADO VERDAD,23,20,0,0,3,0,0,0.0,52.870758,31.1,0.0,26.435379,1.1352418558736426
ANILLO PERIFERICO PONIENTE MANUEL GOMEZ MORIN,1,1,0,0,0,0,0,0.0,52.870758,31.1,0.0,26.435379,0.04935834155972359
CALLE 10,1,1,0,0,0,0,0,0.0,52.870758,31.1,0.0,26.435379,0.04935834155972359
SIERRA DE LA CAMPANA,5,4,1,0,0,0,0,0.0,52.870758,31.1,0.0,26.435379,0.24679170779861795
RINCONADA DEL NARDO,2,2,0,0,0,0,0,0.0,52.870758,31.1,0.0,26.435379,0.09871668311944717
SANTA MARIA,14,14,0,0,0,0,0,0.0,52.870758,31.1,0.0,26.435379,0.6910167818361304
AVENIDA DEL TEPEYAC,45,34,0,0,7,4,0,0.0,52.870758,31.1,0.0,26.435379,2.2211253701875617
PLAZA DE LOS MARIACHIS,16,13,1,0,2,0,0,0.0,52.870758,31.1,0.0,26.435379,0.7897334649555774
LUIS MOYA,7,7,0,0,0,0,0,0.0,52.870758,31.1,0.0,26.435379,0.3455083909180652
ELENA PANTOJA,9,7,1,0,1,0,0,0.0,52.870758,31.1,0.0,26.435379,0.4442250740375123
PRESA VALSEQUILLO,17,15,1,0,1,0,0,0.0,52.870758,31.1,0.0,26.435379,0.839091806515301
PRIVADA MATIAS ROMERO,1,1,0,0,0,0,0,0.0,52.870758,31.1,0.0,26.435379,0.04935834155972359
AV.CIRCUNVALACION OBLATOS,1,1,0,0,0,0,0,0.0,52.870758,31.1,0.0,26.435379,0.04935834155972359
LAGO DE CATEMACO,3,2,1,0,0,0,0,0.0,52.870758,31.1,0.0,26.435379,0.14807502467917077
AGUA AZUL,2,1,1,0,0,0,0,0.0,52.870758,31.1,0.0,26.435379,0.09871668311944717
MASCARONES,2,2,0,0,0,0,0,0.0,52.870758,31.1,0.0,26.435379,0.09871668311944717
RIO MANZANARES,3,3,0,0,0,0,0,0.0,52.870758,31.1,0.0,26.435379,0.14807502467917077
PERDIZ,8,6,1,0,1,0,0,0.0,52.870758,31.1,0.0,26.435379,0.3948667324777887
CANAS,1,1,0,0,0,0,0,0.0,52.870758,31.1,0.0,26.435379,0.04935834155972359
TRINIDAD VILLA GOMEZ,4,4,0,0,0,0,0,0.0,52.870758,31.1,0.0,26.435379,0.19743336623889435
INCALPA,1,0,1,0,0,0,0,0.0,52.870758,31.1,0.0,26.435379,0.04935834155972359
BOLIVIA,14,13,0,0,0,1,0,0.0,52.870758,31.1,0.0,26.435379,0.6910167818361304
ESCUELA MILITAR DE AVIACION,17,15,0,1,1,0,0,0.0,52.870758,31.1,0.0,26.435379,0.839091806515301
CARRETERA SAN ISIDRO MAZATEPEC KM 11,1,1,0,0,0,0,0,0.0,52.870758,31.1,0.0,26.435379,0.04935834155972359
AMERICAS,30,29,0,0,1,0,0,0.0,52.870758,31.1,0.0,26.435379,1.4807502467917077
PAPANTLA,4,2,2,0,0,0,0,0.0,52.870758,31.1,0.0,26.435379,0.19743336623889435
SAN CIRILO,1,1,0,0,0,0,0,0.0,52.870758,31.1,0.0,26.435379,0.04935834155972359
RIO TAJO,10,7,2,0,1,0,0,0.0,52.870758,31.1,0.0,26.435379,0.4935834155972359
CELEDONIO JUNCO DE LA VEGA,7,5,2,0,0,0,0,0.0,52.870758,31.1,0.0,26.435379,0.3455083909180652
ISLA CAROLINA,3,2,1,0,0,0,0,0.0,52.870758,31.1,0.0,26.435379,0.14807502467917077
AGUAFRIA,7,4,1,0,2,0,0,0.0,52.870758,31.1,0.0,26.435379,0.3455083909180652
CARRETERA LIBRE A ZAPOTLANEJO,1,1,0,0,0,0,0,0.0,52.870758,31.1,0.0,26.435379,0.04935834155972359
JOSE MARIA BOCANEGRA,2,2,0,0,0,0,0,0.0,52.870758,31.1,0.0,26.435379,0.09871668311944717
NORTE MANUEL GOMEZ MORIN,2,2,0,0,0,0,0,0.0,52.870758,31.1,0.0,26.435379,0.09871668311944717
SALADERO,1,1,0,0,0,0,0,0.0,52.870758,31.1,0.0,26.435379,0.04935834155972359
JOSE GUADALUPE GALLO,1,1,0,0,0,0,0,0.0,52.870758,31.1,0.0,26.435379,0.04935834155972359
DE LA PATRIA ORIENTE,1,1,0,0,0,0,0,0.0,52.870758,31.1,0.0,26.435379,0.04935834155972359
LLUVIA,4,1,2,0,1,0,0,0.0,52.870758,31.1,0.0,26.435379,0.19743336623889435
PADRE KINO,7,6,0,0,1,0,0,0.0,52.870758,31.1,0.0,26.435379,0.3455083909180652
AVE MEXICO,1,1,0,0,0,0,0,0.0,52.870758,31.1,0.0,26.435379,0.04935834155972359
DOCTOR ROBERTO MICHEL,4,4,0,0,0,0,0,0.0,52.870758,31.1,0.0,26.435379,0.19743336623889435
LAS PALMAS,9,9,0,0,0,0,0,0.0,52.870758,31.1,0.0,26.435379,0.4442250740375123
COYOACAN,1,1,0,0,0,0,0,0.0,52.870758,31.1,0.0,26.435379,0.04935834155972359
RITA PEREZ MORENO,1,1,0,0,0,0,0,0.0,52.870758,31.1,0.0,26.435379,0.04935834155972359
MA GPE HERNANDEZ LOZA,1,0,1,0,0,0,0,0.0,52.870758,31.1,0.0,26.435379,0.04935834155972359
PROLONGACION AMERICAS,2,2,0,0,0,0,0,0.0,52.870758,31.1,0.0,26.435379,0.09871668311944717
PLAN DE SAN LUIS POTOS,1,1,0,0,0,0,0,0.0,52.870758,31.1,0.0,26.435379,0.04935834155972359
GUADALUPE MONTENEGRO,1,1,0,0,0,0,0,0.0,52.870758,31.1,0.0,26.435379,0.04935834155972359
MOSCU,3,3,0,0,0,0,0,0.0,52.870758,31.1,0.0,26.435379,0.14807502467917077
MANUEL J. CLOUTHIER,1,1,0,0,0,0,0,0.0,52.870758,31.1,0.0,26.435379,0.04935834155972359
AVENIDA DE LOS CIENTIFICOS,21,19,1,0,0,1,0,0.0,52.870758,31.1,0.0,26.435379,1.0365251727541955
PRESA TACOTAN,8,5,2,0,1,0,0,0.0,52.870758,31.1,0.0,26.435379,0.3948667324777887
CARRETERA A LOS ALTOS,1,1,0,0,0,0,0,0.0,52.870758,31.1,0.0,26.435379,0.04935834155972359
CARRETERA A EL CASTILLO,1,1,0,0,0,0,0,0.0,52.870758,31.1,0.0,26.435379,0.04935834155972359
SECOYA,4,2,1,0,1,0,0,0.0,52.870758,31.1,0.0,26.435379,0.19743336623889435
SAO PAULO,13,8,0,0,5,0,0,0.0,52.870758,31.1,0.0,26.435379,0.6416584402764067
NARDO,7,7,0,0,0,0,0,0.0,52.870758,31.1,0.0,26.435379,0.3455083909180652
MANUEL I. SOLIS,6,4,2,0,0,0,0,0.0,52.870758,31.1,0.0,26.435379,0.29615004935834155
PEDERNAL,4,4,0,0,0,0,0,0.0,52.870758,31.1,0.0,26.435379,0.19743336623889435
SAN DAMASO,2,2,0,0,0,0,0,0.0,52.870758,31.1,0.0,26.435379,0.09871668311944717
ARMONIA,4,3,1,0,0,0,0,0.0,52.870758,31.1,0.0,26.435379,0.19743336623889435
ISLA DE CAICOS,3,3,0,0,0,0,0,0.0,52.870758,31.1,0.0,26.435379,0.14807502467917077
CUBILETE,2,2,0,0,0,0,0,0.0,52.870758,31.1,0.0,26.435379,0.09871668311944717
BISMARK,1,1,0,0,0,0,0,0.0,52.870758,31.1,0.0,26.435379,0.04935834155972359
LEONARDO OLIVA,1,1,0,0,0,0,0,0.0,52.870758,31.1,0.0,26.435379,0.04935834155972359
PLANETA,15,14,1,0,0,0,0,0.0,52.870758,31.1,0.0,26.435379,0.7403751233958539
PEIFERICO SUR,1,1,0,0,0,0,0,0.0,52.870758,31.1,0.0,26.435379,0.04935834155972359
LOS COLOMOS,1,1,0,0,0,0,0,0.0,52.870758,31.1,0.0,26.435379,0.04935834155972359
PASAJE DE LOS JOYEROS,1,1,0,0,0,0,0,0.0,52.870758,31.1,0.0,26.435379,0.04935834155972359
GIGANTE,1,1,0,0,0,0,0,0.0,52.870758,31.1,0.0,26.435379,0.04935834155972359
16 DE SEPTIMEBRE ESQ PEDRO MORENO,1,1,0,0,0,0,0,0.0,52.870758,31.1,0.0,26.435379,0.04935834155972359
FRANCISCO I MADERO,3,3,0,0,0,0,0,0.0,52.870758,31.1,0.0,26.435379,0.14807502467917077
16 DE SEPTIEMBRE ESQ AVENIDA JUAREZ,1,1,0,0,0,0,0,0.0,52.870758,31.1,0.0,26.435379,0.04935834155972359
AVILA CAMACHO,8,7,0,0,1,0,0,0.0,52.870758,31.1,0.0,26.435379,0.3948667324777887
RUBEN DARIO ESQ PABLO NERUDA,1,1,0,0,0,0,0,0.0,52.870758,31.1,0.0,26.435379,0.04935834155972359
AV. OCHO DE JULIO ESQ. LAZARO CARDENAS,1,1,0,0,0,0,0,0.0,52.870758,31.1,0.0,26.435379,0.04935834155972359
CUAUTITLAN ESQ AVENIDA GUADALUPE,1,1,0,0,0,0,0,0.0,52.870758,31.1,0.0,26.435379,0.04935834155972359
MARIANO OTERO ENTRE PASEO DE LA ARBOLEDA Y PARQUE DE LAS ESTRELLAS,1,1,0,0,0,0,0,0.0,52.870758,31.1,0.0,26.435379,0.04935834155972359
BELISARIO DOMINGUEZ ESQ PUERTO ALTATA,1,1,0,0,0,0,0,0.0,52.870758,31.1,0.0,26.435379,0.04935834155972359
CIRCUNVALACION,23,21,0,0,2,0,0,0.0,52.870758,31.1,0.0,26.435379,1.1352418558736426
JESUS GONZALEZ ORTEGA Y JUAN MANUEL,1,1,0,0,0,0,0,0.0,52.870758,31.1,0.0,26.435379,0.04935834155972359
PROLONGACION ALCALDE,1,1,0,0,0,0,0,0.0,52.870758,31.1,0.0,26.435379,0.04935834155972359
CIRCUNVALACION DIVISION DEL NORTE ESQ FELIX PALAVICINI,1,1,0,0,0,0,0,0.0,52.870758,31.1,0.0,26.435379,0.04935834155972359
FERNANDO DE CELADA,17,8,1,0,7,1,0,0.0,52.870758,31.1,0.0,26.435379,0.839091806515301
PROLONGACION BULEVAR BERNARDO QUINTANA,1,1,0,0,0,0,0,0.0,52.870758,31.1,0.0,26.435379,0.04935834155972359
AVENIDA CANDILES,1,1,0,0,0,0,0,0.0,52.870758,31.1,0.0,26.435379,0.04935834155972359
CANDILES,1,1,0,0,0,0,0,0.0,52.870758,31.1,0.0,26.435379,0.04935834155972359
CALLE HACIENDA CARRANCO,1,1,0,0,0,0,0,0.0,52.870758,31.1,0.0,26.435379,0.04935834155972359
CRISTOBAL COLON ESQ CALLE 2 DE ABRIL,1,1,0,0,0,0,0,0.0,52.870758,31.1,0.0,26.435379,0.04935834155972359
CIRCUITO ALVAREZ DEL CASTILLO ESQ PLAN DE SAN LUIS,1,1,0,0,0,0,0,0.0,52.870758,31.1,0.0,26.435379,0.04935834155972359
LAS AMERICAS ESQ PATRIA,1,1,0,0,0,0,0,0.0,52.870758,31.1,0.0,26.435379,0.04935834155972359
VALLARTA ESQ E DIAZ DE LEON,1,1,0,0,0,0,0,0.0,52.870758,31.1,0.0,26.435379,0.04935834155972359
AVILA CAMACHO ENTRE A1 Y A2,1,1,0,0,0,0,0,0.0,52.870758,31.1,0.0,26.435379,0.04935834155972359
UNION ESQ LA PAZ,1,1,0,0,0,0,0,0.0,52.870758,31.1,0.0,26.435379,0.04935834155972359
NINOS HEROES ENTRE PASEO DE LA ARBOLEDA Y ASTROS,1,1,0,0,0,0,0,0.0,52.870758,31.1,0.0,26.435379,0.04935834155972359
AMERICAS ESQ AVENIDA MEXICO,1,1,0,0,0,0,0,0.0,52.870758,31.1,0.0,26.435379,0.04935834155972359
NINOS HEROES Y SIMON BOLIVAR,1,1,0,0,0,0,0,0.0,52.870758,31.1,0.0,26.435379,0.04935834155972359
ALOMEDA ENTRE AVENIDA DE LOS MAESTROS Y MONTES APALACHES,1,1,0,0,0,0,0,0.0,52.870758,31.1,0.0,26.435379,0.04935834155972359
CONSTITUYENTES,9,8,0,0,1,0,0,0.0,52.870758,31.1,0.0,26.435379,0.4442250740375123
7 DE ENERO,1,1,0,0,0,0,0,0.0,52.870758,31.1,0.0,26.435379,0.04935834155972359
MAR NEGRO Y ALVAREZ DEL CASTILLO,1,1,0,0,0,0,0,0.0,52.870758,31.1,0.0,26.435379,0.04935834155972359
GENERAL LUIS T MIRELES,1,1,0,0,0,0,0,0.0,52.870758,31.1,0.0,26.435379,0.04935834155972359
CIRCUNVALACION AGUSTIN YANEZ,1,1,0,0,0,0,0,0.0,52.870758,31.1,0.0,26.435379,0.04935834155972359
VASCOS,2,1,1,0,0,0,0,0.0,52.870758,31.1,0.0,26.435379,0.09871668311944717
ANDRES TAPIA,14,10,3,0,1,0,0,0.0,52.870758,31.1,0.0,26.435379,0.6910167818361304
ISLA KODIAK,6,4,1,0,1,0,0,0.0,52.870758,31.1,0.0,26.435379,0.29615004935834155
HACIENDA DE LA HUERTA,4,1,2,0,1,0,0,0.0,52.870758,31.1,0.0,26.435379,0.19743336623889435
GUTIERREZ HERMOSILLO,2,1,1,0,0,0,0,0.0,52.870758,31.1,0.0,26.435379,0.09871668311944717
MAZAMITLA,9,5,1,0,3,0,0,0.0,52.870758,31.1,0.0,26.435379,0.4442250740375123
3 LUCES,2,0,2,0,0,0,0,0.0,52.870758,31.1,0.0,26.435379,0.09871668311944717
RAFAEL ORTEGA,1,0,1,0,0,0,0,0.0,52.870758,31.1,0.0,26.435379,0.04935834155972359
ISLA CATALINA,3,2,1,0,0,0,0,0.0,52.870758,31.1,0.0,26.435379,0.14807502467917077
HACIENDA SANTA RITA,5,0,5,0,0,0,0,0.0,52.870758,31.1,0.0,26.435379,0.24679170779861795
FERNANDO QUIROZ,9,3,4,0,2,0,0,0.0,52.870758,31.1,0.0,26.435379,0.4442250740375123
HACIENDA ARENAL,1,0,1,0,0,0,0,0.0,52.870758,31.1,0.0,26.435379,0.04935834155972359
RAFAEL PLATON SANCHEZ,2,1,1,0,0,0,0,0.0,52.870758,31.1,0.0,26.435379,0.09871668311944717
FRANCISCO PENA,1,0,1,0,0,0,0,0.0,52.870758,31.1,0.0,26.435379,0.04935834155972359
HEBRON,19,9,5,0,3,2,0,0.0,52.870758,31.1,0.0,26.435379,0.9378084896347483
SAN NICOLAS,5,4,1,0,0,0,0,0.0,52.870758,31.1,0.0,26.435379,0.24679170779861795
OPALO,16,10,5,0,1,0,0,0.0,52.870758,31.1,0.0,26.435379,0.7897334649555774
ISLA CAIMAN,2,1,1,0,0,0,0,0.0,52.870758,31.1,0.0,26.435379,0.09871668311944717
SIERRA DE MAPIMI SUR,4,3,1,0,0,0,0,0.0,52.870758,31.1,0.0,26.435379,0.19743336623889435
COMBATE DE SACRAMENTO,10,5,2,0,0,3,0,0.0,52.870758,31.1,0.0,26.435379,0.4935834155972359
COMBATE DE PALO ALTO,6,2,4,0,0,0,0,0.0,52.870758,31.1,0.0,26.435379,0.29615004935834155
SALVADOR ALCARAZ ROMERO,3,2,1,0,0,0,0,0.0,52.870758,31.1,0.0,26.435379,0.14807502467917077
VAQUEROS JOSE MARIA MARROQUIN,3,2,1,0,0,0,0,0.0,52.870758,31.1,0.0,26.435379,0.14807502467917077
LORO,8,5,1,0,2,0,0,0.0,52.870758,31.1,0.0,26.435379,0.3948667324777887
JUAN BONILLA,3,2,1,0,0,0,0,0.0,52.870758,31.1,0.0,26.435379,0.14807502467917077
MINA AMPARO,16,8,4,0,4,0,0,0.0,52.870758,31.1,0.0,26.435379,0.7897334649555774
ANTONIO VENEGAS,2,0,1,0,1,0,0,0.0,52.870758,31.1,0.0,26.435379,0.09871668311944717
HACIENDA LA MARISCALA,15,7,4,0,4,0,0,0.0,52.870758,31.1,0.0,26.435379,0.7403751233958539
CANARIAS,3,1,1,0,0,1,0,0.0,52.870758,31.1,0.0,26.435379,0.14807502467917077
IGNACIO ALTAMIRANO,6,4,2,0,0,0,0,0.0,52.870758,31.1,0.0,26.435379,0.29615004935834155
RIO TEPATITLAN,6,6,0,0,0,0,0,0.0,52.870758,31.1,0.0,26.435379,0.29615004935834155
SAN ROBERTO,2,1,1,0,0,0,0,0.0,52.870758,31.1,0.0,26.435379,0.09871668311944717
ISLA CHIPRE,1,0,1,0,0,0,0,0.0,52.870758,31.1,0.0,26.435379,0.04935834155972359
MARIA LUISA DENINSON,2,0,1,0,1,0,0,0.0,52.870758,31.1,0.0,26.435379,0.09871668311944717
CUENCA,21,13,4,0,4,0,0,0.0,52.870758,31.1,0.0,26.435379,1.0365251727541955
COPAN,8,6,2,0,0,0,0,0.0,52.870758,31.1,0.0,26.435379,0.3948667324777887
MIGUEL SANCHEZ,8,5,3,0,0,0,0,0.0,52.870758,31.1,0.0,26.435379,0.3948667324777887
LA MARISCAL ORIENTE,1,0,1,0,0,0,0,0.0,52.870758,31.1,0.0,26.435379,0.04935834155972359
JERONIMO TREVINO,8,4,2,0,2,0,0,0.0,52.870758,31.1,0.0,26.435379,0.3948667324777887
MANUEL DELGADO,6,3,3,0,0,0,0,0.0,52.870758,31.1,0.0,26.435379,0.29615004935834155
AGLAYA,4,3,1,0,0,0,0,0.0,52.870758,31.1,0.0,26.435379,0.19743336623889435
ANDRES MARTINEZ,2,1,1,0,0,0,0,0.0,52.870758,31.1,0.0,26.435379,0.09871668311944717
MORFEO,2,1,1,0,0,0,0,0.0,52.870758,31.1,0.0,26.435379,0.09871668311944717
PASEO DE LA SELVA NORTE,23,16,2,0,3,2,0,0.0,52.870758,31.1,0.0,26.435379,1.1352418558736426
BEERSEBA,2,1,1,0,0,0,0,0.0,52.870758,31.1,0.0,26.435379,0.09871668311944717
ANTONIO ALZATE,3,1,1,0,0,1,0,0.0,52.870758,31.1,0.0,26.435379,0.14807502467917077
JARDINES DE ARANJUEZ,12,10,2,0,0,0,0,0.0,52.870758,31.1,0.0,26.435379,0.5923000987166831
TOMAS MORENO,5,3,1,0,1,0,0,0.0,52.870758,31.1,0.0,26.435379,0.24679170779861795
HACIENDA DEL RINCON,6,3,2,0,1,0,0,0.0,52.870758,31.1,0.0,26.435379,0.29615004935834155
HIGUERA,1,0,1,0,0,0,0,0.0,52.870758,31.1,0.0,26.435379,0.04935834155972359
HACIENDA LA GAVIA,2,0,2,0,0,0,0,0.0,52.870758,31.1,0.0,26.435379,0.09871668311944717
SANTA ELENA,8,4,2,1,1,0,0,0.0,52.870758,31.1,0.0,26.435379,0.3948667324777887
ANTONIO CASO,1,0,1,0,0,0,0,0.0,52.870758,31.1,0.0,26.435379,0.04935834155972359
PRESA DE LAS PIEDRAS,2,0,2,0,0,0,0,0.0,52.870758,31.1,0.0,26.435379,0.09871668311944717
6 DE MAYO,5,2,2,0,1,0,0,0.0,52.870758,31.1,0.0,26.435379,0.24679170779861795
MONTE CARMELO,31,14,7,0,10,0,0,0.0,52.870758,31.1,0.0,26.435379,1.5301085883514314
VOLCAN TUA,10,4,3,0,1,2,0,0.0,52.870758,31.1,0.0,26.435379,0.4935834155972359
IGNACIO MARISCAL,2,1,1,0,0,0,0,0.0,52.870758,31.1,0.0,26.435379,0.09871668311944717
CARMEN FLORES,5,1,4,0,0,0,0,0.0,52.870758,31.1,0.0,26.435379,0.24679170779861795
CALLE DE LOS ARTISTAS,14,10,3,0,1,0,0,0.0,52.870758,31.1,0.0,26.435379,0.6910167818361304
24 JOSE OTHON NUNEZ,6,2,2,0,1,1,0,0.0,52.870758,31.1,0.0,26.435379,0.29615004935834155
CABALLETE,4,3,1,0,0,0,0,0.0,52.870758,31.1,0.0,26.435379,0.19743336623889435
BARLOVENTO,6,3,1,0,2,0,0,0.0,52.870758,31.1,0.0,26.435379,0.29615004935834155
DALIA,5,3,2,0,0,0,0,0.0,52.870758,31.1,0.0,26.435379,0.24679170779861795
BEJAR,10,6,1,0,3,0,0,0.0,52.870758,31.1,0.0,26.435379,0.4935834155972359
ELEUTERIO MENDEZ,2,0,2,0,0,0,0,0.0,52.870758,31.1,0.0,26.435379,0.09871668311944717
ABEDUL,6,5,1,0,0,0,0,0.0,52.870758,31.1,0.0,26.435379,0.29615004935834155
CERRO DE LA SILLA,4,1,2,0,1,0,0,0.0,52.870758,31.1,0.0,26.435379,0.19743336623889435
LERIDA,2,1,1,0,0,0,0,0.0,52.870758,31.1,0.0,26.435379,0.09871668311944717
PABLO BOLIO,2,0,2,0,0,0,0,0.0,52.870758,31.1,0.0,26.435379,0.09871668311944717
NICOLAS PUGA,5,4,1,0,0,0,0,0.0,52.870758,31.1,0.0,26.435379,0.24679170779861795
MONTE LISBOA,11,7,3,0,1,0,0,0.0,52.870758,31.1,0.0,26.435379,0.5429417571569595
INGENIERO MARIANO DIAZ,7,5,1,0,1,0,0,0.0,52.870758,31.1,0.0,26.435379,0.3455083909180652
ISLA FUERTE VENTURA,7,6,1,0,0,0,0,0.0,52.870758,31.1,0.0,26.435379,0.3455083909180652
C,2,0,2,0,0,0,0,0.0,52.870758,31.1,0.0,26.435379,0.09871668311944717
DIEGO MONTENEGRO,17,15,2,0,0,0,0,0.0,52.870758,31.1,0.0,26.435379,0.839091806515301
CERRO DE TEQUILA,8,4,4,0,0,0,0,0.0,52.870758,31.1,0.0,26.435379,0.3948667324777887
JULIO ZARATE,18,10,4,1,2,1,0,0.0,52.870758,31.1,0.0,26.435379,0.8884501480750246
MAGDALENA CUEVAS,2,1,1,0,0,0,0,0.0,52.870758,31.1,0.0,26.435379,0.09871668311944717
MONTE ROSA,3,1,1,0,1,0,0,0.0,52.870758,31.1,0.0,26.435379,0.14807502467917077
MARRUECOS,19,11,4,0,3,1,0,0.0,52.870758,31.1,0.0,26.435379,0.9378084896347483
HACIENDA DEL COYOTE,1,0,1,0,0,0,0,0.0,52.870758,31.1,0.0,26.435379,0.04935834155972359
SILVESTRE ARANDA,1,0,1,0,0,0,0,0.0,52.870758,31.1,0.0,26.435379,0.04935834155972359
MIGUEL MONDRAGON,31,20,1,0,8,2,0,0.0,52.870758,31.1,0.0,26.435379,1.5301085883514314
DOBLON,6,4,2,0,0,0,0,0.0,52.870758,31.1,0.0,26.435379,0.29615004935834155
LA PERPETUA,2,1,1,0,0,0,0,0.0,52.870758,31.1,0.0,26.435379,0.09871668311944717
SAN MARTIN,8,6,2,0,0,0,0,0.0,52.870758,31.1,0.0,26.435379,0.3948667324777887
LUIS ALFARO Y PINA,19,17,2,0,0,0,0,0.0,52.870758,31.1,0.0,26.435379,0.9378084896347483
BARBASTRO,13,8,2,0,2,1,0,0.0,52.870758,31.1,0.0,26.435379,0.6416584402764067
MIGUEL DOMINGUEZ,1,0,1,0,0,0,0,0.0,52.870758,31.1,0.0,26.435379,0.04935834155972359
GUTEMBERG,6,4,2,0,0,0,0,0.0,52.870758,31.1,0.0,26.435379,0.29615004935834155
DAVID HINOJOSA,5,4,1,0,0,0,0,0.0,52.870758,31.1,0.0,26.435379,0.24679170779861795
JOSE JERONIMO HERNANDEZ,9,6,3,0,0,0,0,0.0,52.870758,31.1,0.0,26.435379,0.4442250740375123
MANUEL BARBOSA,1,0,1,0,0,0,0,0.0,52.870758,31.1,0.0,26.435379,0.04935834155972359
FONTANEROS,19,14,1,0,4,0,0,0.0,52.870758,31.1,0.0,26.435379,0.9378084896347483
MANUEL GUTIERREZ,32,20,3,0,6,3,0,0.0,52.870758,31.1,0.0,26.435379,1.5794669299111548
MARIANO HIDALGO,3,1,2,0,0,0,0,0.0,52.870758,31.1,0.0,26.435379,0.14807502467917077
LEGALIDAD,30,22,3,0,3,2,0,0.0,52.870758,31.1,0.0,26.435379,1.4807502467917077
26 (GABINO ORTIZ),4,3,1,0,0,0,0,0.0,52.870758,31.1,0.0,26.435379,0.19743336623889435
PERFECTO LOMELI BARCINO,1,0,1,0,0,0,0,0.0,52.870758,31.1,0.0,26.435379,0.04935834155972359
CARPINTEROS,13,9,2,0,2,0,0,0.0,52.870758,31.1,0.0,26.435379,0.6416584402764067
ROCA,13,8,1,0,4,0,0,0.0,52.870758,31.1,0.0,26.435379,0.6416584402764067
MARTIN CASTREJON,3,1,2,0,0,0,0,0.0,52.870758,31.1,0.0,26.435379,0.14807502467917077
SALVADOR ROCHA CONSTANZA,8,4,4,0,0,0,0,0.0,52.870758,31.1,0.0,26.435379,0.3948667324777887
HACIENDA ACATENGO,1,0,1,0,0,0,0,0.0,52.870758,31.1,0.0,26.435379,0.04935834155972359
GERARDO MURILLO,2,0,2,0,0,0,0,0.0,52.870758,31.1,0.0,26.435379,0.09871668311944717
JUAN ECHANIZ,1,0,1,0,0,0,0,0.0,52.870758,31.1,0.0,26.435379,0.04935834155972359
FRANCISCO TERRAZAS,1,0,1,0,0,0,0,0.0,52.870758,31.1,0.0,26.435379,0.04935834155972359
B. BARTOK,4,3,1,0,0,0,0,0.0,52.870758,31.1,0.0,26.435379,0.19743336623889435
MARIANO IRIGOYEN,3,1,2,0,0,0,0,0.0,52.870758,31.1,0.0,26.435379,0.14807502467917077
RIO PAPALOAPAN,1,0,1,0,0,0,0,0.0,52.870758,31.1,0.0,26.435379,0.04935834155972359
12 (BRUNO MARTINEZ Z.),11,7,3,0,1,0,0,0.0,52.870758,31.1,0.0,26.435379,0.5429417571569595
TEODORO FLORES,15,8,2,0,5,0,0,0.0,52.870758,31.1,0.0,26.435379,0.7403751233958539
PRIMERO DE OCTUBRE,10,5,4,0,1,0,0,0.0,52.870758,31.1,0.0,26.435379,0.4935834155972359
CONCEPCION NORIEGA,1,0,1,0,0,0,0,0.0,52.870758,31.1,0.0,26.435379,0.04935834155972359
SILVINA REMBOA DE TREJO,3,2,1,0,0,0,0,0.0,52.870758,31.1,0.0,26.435379,0.14807502467917077
CARLOS OBREGON,4,3,1,0,0,0,0,0.0,52.870758,31.1,0.0,26.435379,0.19743336623889435
ANTONIO FLORES,1,0,1,0,0,0,0,0.0,52.870758,31.1,0.0,26.435379,0.04935834155972359
SEBASTIAN CORNEJO,3,1,1,0,1,0,0,0.0,52.870758,31.1,0.0,26.435379,0.14807502467917077
INGENIERO MANUEL F. PARRA,4,1,1,0,2,0,0,0.0,52.870758,31.1,0.0,26.435379,0.19743336623889435
LINDAVISTA,18,13,3,1,0,1,0,0.0,52.870758,31.1,0.0,26.435379,0.8884501480750246
LEON ALEJU TORRE,2,0,1,0,1,0,0,0.0,52.870758,31.1,0.0,26.435379,0.09871668311944717
LAURA CARRILLO,1,0,1,0,0,0,0,0.0,52.870758,31.1,0.0,26.435379,0.04935834155972359
ISLA JAVA,5,3,1,0,0,1,0,0.0,52.870758,31.1,0.0,26.435379,0.24679170779861795
SIERRA DE TEPEHUANES,3,1,1,0,1,0,0,0.0,52.870758,31.1,0.0,26.435379,0.14807502467917077
MARCELO LEON,5,2,2,0,1,0,0,0.0,52.870758,31.1,0.0,26.435379,0.24679170779861795
JULIO HERNANDEZ,9,6,2,0,1,0,0,0.0,52.870758,31.1,0.0,26.435379,0.4442250740375123
JUAN J. MENDEZ,2,0,1,0,1,0,0,0.0,52.870758,31.1,0.0,26.435379,0.09871668311944717
ELIGIO ANCONA,12,4,6,0,2,0,0,0.0,52.870758,31.1,0.0,26.435379,0.5923000987166831
ALONSO DE LA MOTA Y ESCOBAR,7,3,2,0,2,0,0,0.0,52.870758,31.1,0.0,26.435379,0.3455083909180652
BUGAMBILIAS,12,11,1,0,0,0,0,0.0,52.870758,31.1,0.0,26.435379,0.5923000987166831
HACIENDA DEL COLLI,11,8,3,0,0,0,0,0.0,52.870758,31.1,0.0,26.435379,0.5429417571569595
ISLAS ALEUTIANAS,2,0,1,0,1,0,0,0.0,52.870758,31.1,0.0,26.435379,0.09871668311944717
HACIENDA LAS FLORES,6,3,1,0,0,2,0,0.0,52.870758,31.1,0.0,26.435379,0.29615004935834155
TUXTLA,2,1,1,0,0,0,0,0.0,52.870758,31.1,0.0,26.435379,0.09871668311944717
EDMUNDO GAMEZ OROZCO,15,11,2,0,2,0,0,0.0,52.870758,31.1,0.0,26.435379,0.7403751233958539
M. VALDEZ,1,0,1,0,0,0,0,0.0,52.870758,31.1,0.0,26.435379,0.04935834155972359
22 JUAN JOSE RIOS,3,1,1,0,1,0,0,0.0,52.870758,31.1,0.0,26.435379,0.14807502467917077
CALLE DEL PICACHO,1,0,1,0,0,0,0,0.0,52.870758,31.1,0.0,26.435379,0.04935834155972359
26 GABINO ORTIZ,5,1,2,0,1,1,0,0.0,52.870758,31.1,0.0,26.435379,0.24679170779861795
JOSE MARIA SOLIS,14,11,3,0,0,0,0,0.0,52.870758,31.1,0.0,26.435379,0.6910167818361304
JUAN N. MENDEZ,2,1,1,0,0,0,0,0.0,52.870758,31.1,0.0,26.435379,0.09871668311944717
CASA DEL OBRERO MUNDIAL,4,1,2,0,1,0,0,0.0,52.870758,31.1,0.0,26.435379,0.19743336623889435
CARLOS R. MENENDEZ,11,6,3,0,2,0,0,0.0,52.870758,31.1,0.0,26.435379,0.5429417571569595
FRANCISCO DE TERRAZAS,3,2,1,0,0,0,0,0.0,52.870758,31.1,0.0,26.435379,0.14807502467917077
EFREN JUAREZ,2,0,2,0,0,0,0,0.0,52.870758,31.1,0.0,26.435379,0.09871668311944717
HACIENDA DE LA FLOR,7,4,3,0,0,0,0,0.0,52.870758,31.1,0.0,26.435379,0.3455083909180652
J. JIMENEZ ROMO,4,2,1,0,0,1,0,0.0,52.870758,31.1,0.0,26.435379,0.19743336623889435
15 DE SEPTIEMBRE,3,2,1,0,0,0,0,0.0,52.870758,31.1,0.0,26.435379,0.14807502467917077
RUBEN GOMEZ ESQUEDA,1,0,1,0,0,0,0,0.0,52.870758,31.1,0.0,26.435379,0.04935834155972359
BETHDAGON,6,3,1,0,2,0,0,0.0,52.870758,31.1,0.0,26.435379,0.29615004935834155
BATALLON DE SAN BLAS,3,2,1,0,0,0,0,0.0,52.870758,31.1,0.0,26.435379,0.14807502467917077
HACIENDA HUASCATO,7,6,1,0,0,0,0,0.0,52.870758,31.1,0.0,26.435379,0.3455083909180652
BETLEHEM,2,0,2,0,0,0,0,0.0,52.870758,31.1,0.0,26.435379,0.09871668311944717
ISLA MALVINAS,3,2,1,0,0,0,0,0.0,52.870758,31.1,0.0,26.435379,0.14807502467917077
OCCIDENTE,17,15,1,0,1,0,0,0.0,52.870758,31.1,0.0,26.435379,0.839091806515301
TUERCA,1,0,1,0,0,0,0,0.0,52.870758,31.1,0.0,26.435379,0.04935834155972359
SAN EFREN,3,2,1,0,0,0,0,0.0,52.870758,31.1,0.0,26.435379,0.14807502467917077
MAGDALENO CEDILLO,1,0,1,0,0,0,0,0.0,52.870758,31.1,0.0,26.435379,0.04935834155972359
ISLA PALMIRA,4,3,1,0,0,0,0,0.0,52.870758,31.1,0.0,26.435379,0.19743336623889435
CALLE DEL CANAL,7,4,2,0,1,0,0,0.0,52.870758,31.1,0.0,26.435379,0.3455083909180652
GOSEN,2,0,2,0,0,0,0,0.0,52.870758,31.1,0.0,26.435379,0.09871668311944717
BENIGNO ABUNDIS,4,2,1,0,1,0,0,0.0,52.870758,31.1,0.0,26.435379,0.19743336623889435
TOLUCA,5,4,1,0,0,0,0,0.0,52.870758,31.1,0.0,26.435379,0.24679170779861795
FRANCISCO CERVANTES DE S.,4,3,1,0,0,0,0,0.0,52.870758,31.1,0.0,26.435379,0.19743336623889435
DE LA HUERTA,1,0,1,0,0,0,0,0.0,52.870758,31.1,0.0,26.435379,0.04935834155972359
MANUEL GARCIA,5,3,2,0,0,0,0,0.0,52.870758,31.1,0.0,26.435379,0.24679170779861795
SALVADOR M. LIMA,3,1,2,0,0,0,0,0.0,52.870758,31.1,0.0,26.435379,0.14807502467917077
CENTENO,9,5,2,0,2,0,0,0.0,52.870758,31.1,0.0,26.435379,0.4442250740375123
JOSE MIGUEL ARROYO,9,4,1,0,4,0,0,0.0,52.870758,31.1,0.0,26.435379,0.4442250740375123
CARABELAS,22,12,5,0,3,2,0,0.0,52.870758,31.1,0.0,26.435379,1.085883514313919
JUAN IGNACIO RAMON,2,0,2,0,0,0,0,0.0,52.870758,31.1,0.0,26.435379,0.09871668311944717
EQUIDAD,2,0,1,0,1,0,0,0.0,52.870758,31.1,0.0,26.435379,0.09871668311944717
MARTINA GOMEZ,7,5,2,0,0,0,0,0.0,52.870758,31.1,0.0,26.435379,0.3455083909180652
SAN FERMIN,1,0,1,0,0,0,0,0.0,52.870758,31.1,0.0,26.435379,0.04935834155972359
IGNACIO NAVARRETE,4,4,0,0,0,0,0,0.0,52.870758,31.1,0.0,26.435379,0.19743336623889435
BRAQUE,11,9,1,0,0,1,0,0.0,52.870758,31.1,0.0,26.435379,0.5429417571569595
AGUSTIN RAMIREZ,6,5,1,0,0,0,0,0.0,52.870758,31.1,0.0,26.435379,0.29615004935834155
ISLA BERMUDAS,8,5,3,0,0,0,0,0.0,52.870758,31.1,0.0,26.435379,0.3948667324777887
TOLEDO,1,1,0,0,0,0,0,0.0,52.870758,31.1,0.0,26.435379,0.04935834155972359
RAMON VALLE,5,2,2,0,1,0,0,0.0,52.870758,31.1,0.0,26.435379,0.24679170779861795
O. DEGAS,6,2,0,0,4,0,0,0.0,52.870758,31.1,0.0,26.435379,0.29615004935834155
RICARDO MONTERO,6,5,1,0,0,0,0,0.0,52.870758,31.1,0.0,26.435379,0.29615004935834155
CARLOS CANDILLO,1,1,0,0,0,0,0,0.0,52.870758,31.1,0.0,26.435379,0.04935834155972359
ANTONIO CORREA,7,5,1,0,1,0,0,0.0,52.870758,31.1,0.0,26.435379,0.3455083909180652
LIRA,15,7,5,0,3,0,0,0.0,52.870758,31.1,0.0,26.435379,0.7403751233958539
KILIMANJARO,4,3,0,0,1,0,0,0.0,52.870758,31.1,0.0,26.435379,0.19743336623889435
PATRIA PLAZA VIVA,1,1,0,0,0,0,0,0.0,52.870758,31.1,0.0,26.435379,0.04935834155972359
TARAUMARAS,1,1,0,0,0,0,0,0.0,52.870758,31.1,0.0,26.435379,0.04935834155972359
1523,6,6,0,0,0,0,0,0.0,52.870758,31.1,0.0,26.435379,0.29615004935834155
RUPERTO MARTINEZ,1,1,0,0,0,0,0,0.0,52.870758,31.1,0.0,26.435379,0.04935834155972359
MARCOS CASTELLANOS,30,24,3,0,3,0,0,0.0,52.870758,31.1,0.0,26.435379,1.4807502467917077
54 (RAFAEL NAJERA),9,6,2,0,1,0,0,0.0,52.870758,31.1,0.0,26.435379,0.4442250740375123
REPORTEROS,2,2,0,0,0,0,0,0.0,52.870758,31.1,0.0,26.435379,0.09871668311944717
DR. R. MICHELL,1,1,0,0,0,0,0,0.0,52.870758,31.1,0.0,26.435379,0.04935834155972359
MELODIA,6,4,2,0,0,0,0,0.0,52.870758,31.1,0.0,26.435379,0.29615004935834155
ZALATITAN,2,1,1,0,0,0,0,0.0,52.870758,31.1,0.0,26.435379,0.09871668311944717
J. ROMO,6,5,0,0,1,0,0,0.0,52.870758,31.1,0.0,26.435379,0.29615004935834155
ARBOLEDAS,4,4,0,0,0,0,0,0.0,52.870758,31.1,0.0,26.435379,0.19743336623889435
CARLOS CARRILLO,1,1,0,0,0,0,0,0.0,52.870758,31.1,0.0,26.435379,0.04935834155972359
ESTEBAN A LA TORRE,3,3,0,0,0,0,0,0.0,52.870758,31.1,0.0,26.435379,0.14807502467917077
FRANCISCO JAVIER MINA,2,2,0,0,0,0,0,0.0,52.870758,31.1,0.0,26.435379,0.09871668311944717
LUCIO BLANCO,1,1,0,0,0,0,0,0.0,52.870758,31.1,0.0,26.435379,0.04935834155972359
LUIS ALCARAZ,1,1,0,0,0,0,0,0.0,52.870758,31.1,0.0,26.435379,0.04935834155972359
PRESA OSORIO,4,4,0,0,0,0,0,0.0,52.870758,31.1,0.0,26.435379,0.19743336623889435
IGNACIO L VALLARTA,4,4,0,0,0,0,0,0.0,52.870758,31.1,0.0,26.435379,0.19743336623889435
E. DEL CASTILLO,5,4,1,0,0,0,0,0.0,52.870758,31.1,0.0,26.435379,0.24679170779861795
CHIAPAS,9,8,1,0,0,0,0,0.0,52.870758,31.1,0.0,26.435379,0.4442250740375123
NARANJOS,9,6,2,0,1,0,0,0.0,52.870758,31.1,0.0,26.435379,0.4442250740375123
FRANCISCO DOMINGUEZ,7,6,1,0,0,0,0,0.0,52.870758,31.1,0.0,26.435379,0.3455083909180652
AVENIDA DE LA SELVA SUR,9,8,1,0,0,0,0,0.0,52.870758,31.1,0.0,26.435379,0.4442250740375123
FEZ,8,6,2,0,0,0,0,0.0,52.870758,31.1,0.0,26.435379,0.3948667324777887
MARIANO CORONADO,2,1,1,0,0,0,0,0.0,52.870758,31.1,0.0,26.435379,0.09871668311944717
JOSE MARIA CANAL,35,26,7,0,2,0,0,0.0,52.870758,31.1,0.0,26.435379,1.7275419545903257
BURGOS,3,3,0,0,0,0,0,0.0,52.870758,31.1,0.0,26.435379,0.14807502467917077
C.JULIO CASTELLANOS,4,3,1,0,0,0,0,0.0,52.870758,31.1,0.0,26.435379,0.19743336623889435
PRIMERA DE CARLOS GONZALEZ PENA,3,1,2,0,0,0,0,0.0,52.870758,31.1,0.0,26.435379,0.14807502467917077
COMPOSITORES,17,13,0,0,4,0,0,0.0,52.870758,31.1,0.0,26.435379,0.839091806515301
RAFAEL DE ZAYAS,47,38,2,0,5,2,0,0.0,52.870758,31.1,0.0,26.435379,2.319842053307009
SITIO DE BEJAR,11,7,2,0,1,1,0,0.0,52.870758,31.1,0.0,26.435379,0.5429417571569595
LUNA,1,1,0,0,0,0,0,0.0,52.870758,31.1,0.0,26.435379,0.04935834155972359
HERRAMIENTA,2,2,0,0,0,0,0,0.0,52.870758,31.1,0.0,26.435379,0.09871668311944717
ISLA TORTUGA,8,5,2,0,1,0,0,0.0,52.870758,31.1,0.0,26.435379,0.3948667324777887
OCHO DE JULIO,4,4,0,0,0,0,0,0.0,52.870758,31.1,0.0,26.435379,0.19743336623889435
OTILIO MONTANO,4,3,1,0,0,0,0,0.0,52.870758,31.1,0.0,26.435379,0.19743336623889435
LUIS AGUIRRE,10,7,3,0,0,0,0,0.0,52.870758,31.1,0.0,26.435379,0.4935834155972359
COLIMA,4,4,0,0,0,0,0,0.0,52.870758,31.1,0.0,26.435379,0.19743336623889435
PABLO SAYAS,5,4,1,0,0,0,0,0.0,52.870758,31.1,0.0,26.435379,0.24679170779861795
PRISCILIANO GONZALEZ,2,1,1,0,0,0,0,0.0,52.870758,31.1,0.0,26.435379,0.09871668311944717
LUIS MANUEL ROJAS,2,2,0,0,0,0,0,0.0,52.870758,31.1,0.0,26.435379,0.09871668311944717
LUIS G. CABALLERO,10,7,2,0,1,0,0,0.0,52.870758,31.1,0.0,26.435379,0.4935834155972359
EPITACIO HUERTA,4,1,1,0,2,0,0,0.0,52.870758,31.1,0.0,26.435379,0.19743336623889435
ISLAS REVILLAGIGEDO,1,1,0,0,0,0,0,0.0,52.870758,31.1,0.0,26.435379,0.04935834155972359
LUIS N. MORONES,4,3,1,0,0,0,0,0.0,52.870758,31.1,0.0,26.435379,0.19743336623889435
OCEANIA,4,3,1,0,0,0,0,0.0,52.870758,31.1,0.0,26.435379,0.19743336623889435
JOSE FERNANDEZ DE LARA,3,1,0,0,0,2,0,0.0,52.870758,31.1,0.0,26.435379,0.14807502467917077
VICENTE CALERO,1,1,0,0,0,0,0,0.0,52.870758,31.1,0.0,26.435379,0.04935834155972359
ISLA SAMOA,9,8,0,0,1,0,0,0.0,52.870758,31.1,0.0,26.435379,0.4442250740375123
GALAD,2,2,0,0,0,0,0,0.0,52.870758,31.1,0.0,26.435379,0.09871668311944717
ALFAREROS,5,5,0,0,0,0,0,0.0,52.870758,31.1,0.0,26.435379,0.24679170779861795
BISMARCK,2,2,0,0,0,0,0,0.0,52.870758,31.1,0.0,26.435379,0.09871668311944717
ADALBERTO NAVARRO SANCHEZ,4,4,0,0,0,0,0,0.0,52.870758,31.1,0.0,26.435379,0.19743336623889435
JUAN SARABIA,8,5,3,0,0,0,0,0.0,52.870758,31.1,0.0,26.435379,0.3948667324777887
PAUL GAUGUIN,15,6,1,0,3,5,0,0.0,52.870758,31.1,0.0,26.435379,0.7403751233958539
ISLA CLEOFAS,4,3,1,0,0,0,0,0.0,52.870758,31.1,0.0,26.435379,0.19743336623889435
COMBATE DE ATENQUIQUE,7,7,0,0,0,0,0,0.0,52.870758,31.1,0.0,26.435379,0.3455083909180652
AVENIDA DE LA GONDOLA,7,6,1,0,0,0,0,0.0,52.870758,31.1,0.0,26.435379,0.3455083909180652
MONTES APALACHES,3,3,0,0,0,0,0,0.0,52.870758,31.1,0.0,26.435379,0.14807502467917077
JOPE,8,6,1,0,1,0,0,0.0,52.870758,31.1,0.0,26.435379,0.3948667324777887
JUAN SEBASTIAN EL CANO,14,8,1,0,3,2,0,0.0,52.870758,31.1,0.0,26.435379,0.6910167818361304
SANTO SANTIAGO,4,4,0,0,0,0,0,0.0,52.870758,31.1,0.0,26.435379,0.19743336623889435
JACARANDA,14,9,4,0,1,0,0,0.0,52.870758,31.1,0.0,26.435379,0.6910167818361304
VOLCAN MALINCHE,10,5,4,0,1,0,0,0.0,52.870758,31.1,0.0,26.435379,0.4935834155972359
YUNQUE,3,3,0,0,0,0,0,0.0,52.870758,31.1,0.0,26.435379,0.14807502467917077
AVENIDA DEL PAISJE,6,4,0,0,2,0,0,0.0,52.870758,31.1,0.0,26.435379,0.29615004935834155
PRIVADA DEL MERCADO,4,4,0,0,0,0,0,0.0,52.870758,31.1,0.0,26.435379,0.19743336623889435
CONVENCION,3,1,0,0,2,0,0,0.0,52.870758,31.1,0.0,26.435379,0.14807502467917077
ARQUITECTO RIVAS MERCADO,8,6,1,0,0,1,0,0.0,52.870758,31.1,0.0,26.435379,0.3948667324777887
FRESADORA,2,1,1,0,0,0,0,0.0,52.870758,31.1,0.0,26.435379,0.09871668311944717
ISLA SAONA,2,1,1,0,0,0,0,0.0,52.870758,31.1,0.0,26.435379,0.09871668311944717
HACIENDA DE TAMANDARO,5,1,3,0,0,1,0,0.0,52.870758,31.1,0.0,26.435379,0.24679170779861795
JOSE MARIA RODRIGUEZ,10,8,0,0,0,2,0,0.0,52.870758,31.1,0.0,26.435379,0.4935834155972359
ARQUITECTO J. LUIS BARRAGAN,5,3,0,0,2,0,0,0.0,52.870758,31.1,0.0,26.435379,0.24679170779861795
HACIENDA DE CHILA,2,2,0,0,0,0,0,0.0,52.870758,31.1,0.0,26.435379,0.09871668311944717
MARCELINO DAVALOS,6,5,0,0,1,0,0,0.0,52.870758,31.1,0.0,26.435379,0.29615004935834155
PUERTO BELLO,5,5,0,0,0,0,0,0.0,52.870758,31.1,0.0,26.435379,0.24679170779861795
FERNANDO FRANCO,2,2,0,0,0,0,0,0.0,52.870758,31.1,0.0,26.435379,0.09871668311944717
RIO USUMACINTA,15,11,2,0,1,1,0,0.0,52.870758,31.1,0.0,26.435379,0.7403751233958539
JOSE VASCONCELOS,3,2,1,0,0,0,0,0.0,52.870758,31.1,0.0,26.435379,0.14807502467917077
CARLOTA RAMIREZ,1,1,0,0,0,0,0,0.0,52.870758,31.1,0.0,26.435379,0.04935834155972359
ISLA ANGUILAS,5,5,0,0,0,0,0,0.0,52.870758,31.1,0.0,26.435379,0.24679170779861795
BELLAS ARTES ORIENTE,18,11,4,0,1,2,0,0.0,52.870758,31.1,0.0,26.435379,0.8884501480750246
PARIS,2,1,1,0,0,0,0,0.0,52.870758,31.1,0.0,26.435379,0.09871668311944717
FRANCISCO ESCUDERO,11,8,1,0,0,2,0,0.0,52.870758,31.1,0.0,26.435379,0.5429417571569595
DIAMANTE,27,21,3,0,2,1,0,0.0,52.870758,31.1,0.0,26.435379,1.332675222112537
LAGO SUPERIOR ORIENTE,2,2,0,0,0,0,0,0.0,52.870758,31.1,0.0,26.435379,0.09871668311944717
HACIENDA DE LA CUNA,4,2,1,0,1,0,0,0.0,52.870758,31.1,0.0,26.435379,0.19743336623889435
GLORIETA CENTRAL,12,11,0,0,0,1,0,0.0,52.870758,31.1,0.0,26.435379,0.5923000987166831
GUADALAJARA EL SALTO,1,1,0,0,0,0,0,0.0,52.870758,31.1,0.0,26.435379,0.04935834155972359
JACOBO GALVEZ,6,4,0,0,2,0,0,0.0,52.870758,31.1,0.0,26.435379,0.29615004935834155
ARTES PLASTICAS,20,17,1,0,2,0,0,0.0,52.870758,31.1,0.0,26.435379,0.9871668311944718
FUNDICION,2,0,2,0,0,0,0,0.0,52.870758,31.1,0.0,26.435379,0.09871668311944717
MOISES SAENZ,9,6,2,0,1,0,0,0.0,52.870758,31.1,0.0,26.435379,0.4442250740375123
JUAN DE DIOS CORDOBA,14,8,2,0,2,2,0,0.0,52.870758,31.1,0.0,26.435379,0.6910167818361304
CALLE DE FUEGO,3,3,0,0,0,0,0,0.0,52.870758,31.1,0.0,26.435379,0.14807502467917077
CALZADA LAZARO CARDENAS,1,1,0,0,0,0,0,0.0,52.870758,31.1,0.0,26.435379,0.04935834155972359
LA FABRICA,7,4,2,0,1,0,0,0.0,52.870758,31.1,0.0,26.435379,0.3455083909180652
TEHERAN,16,11,2,0,1,2,0,0.0,52.870758,31.1,0.0,26.435379,0.7897334649555774
MARIA FELIX ESCALANTE,6,3,2,0,1,0,0,0.0,52.870758,31.1,0.0,26.435379,0.29615004935834155
RIO PILON,4,2,1,0,1,0,0,0.0,52.870758,31.1,0.0,26.435379,0.19743336623889435
HACIENDA CUASTECOMATE,5,1,3,0,1,0,0,0.0,52.870758,31.1,0.0,26.435379,0.24679170779861795
SUIZA,3,3,0,0,0,0,0,0.0,52.870758,31.1,0.0,26.435379,0.14807502467917077
CRUZEIRO,6,4,2,0,0,0,0,0.0,52.870758,31.1,0.0,26.435379,0.29615004935834155
COLEGIALES,8,7,0,0,1,0,0,0.0,52.870758,31.1,0.0,26.435379,0.3948667324777887
FERNANDO ESPINOZA,2,1,1,0,0,0,0,0.0,52.870758,31.1,0.0,26.435379,0.09871668311944717
ISLA BORNEO,2,2,0,0,0,0,0,0.0,52.870758,31.1,0.0,26.435379,0.09871668311944717
HACIENDA TABLON,5,4,1,0,0,0,0,0.0,52.870758,31.1,0.0,26.435379,0.24679170779861795
ISLA BRETON,5,4,1,0,0,0,0,0.0,52.870758,31.1,0.0,26.435379,0.24679170779861795
ROMULO DEL VALLE,5,3,1,0,1,0,0,0.0,52.870758,31.1,0.0,26.435379,0.24679170779861795
VOLCAN MAYON,1,0,1,0,0,0,0,0.0,52.870758,31.1,0.0,26.435379,0.04935834155972359
BAHAMAS,2,2,0,0,0,0,0,0.0,52.870758,31.1,0.0,26.435379,0.09871668311944717
MARIA C BANCALARI,2,2,0,0,0,0,0,0.0,52.870758,31.1,0.0,26.435379,0.09871668311944717
TEPEYAC,6,6,0,0,0,0,0,0.0,52.870758,31.1,0.0,26.435379,0.29615004935834155
LAPIZLAZULI,3,2,0,0,1,0,0,0.0,52.870758,31.1,0.0,26.435379,0.14807502467917077
IGNACIO LUIS VALLARTA,3,3,0,0,0,0,0,0.0,52.870758,31.1,0.0,26.435379,0.14807502467917077
LOPEZ MATEOS,8,8,0,0,0,0,0,0.0,52.870758,31.1,0.0,26.435379,0.3948667324777887
MIGUEL DIAZ,5,1,3,0,1,0,0,0.0,52.870758,31.1,0.0,26.435379,0.24679170779861795
FENIX,2,2,0,0,0,0,0,0.0,52.870758,31.1,0.0,26.435379,0.09871668311944717
PRESA SANTA ROSA,8,6,2,0,0,0,0,0.0,52.870758,31.1,0.0,26.435379,0.3948667324777887
IZTACCIHUATL,11,5,2,0,4,0,0,0.0,52.870758,31.1,0.0,26.435379,0.5429417571569595
GUAYAQUIL,8,8,0,0,0,0,0,0.0,52.870758,31.1,0.0,26.435379,0.3948667324777887
NICOLAS DE LARA,1,1,0,0,0,0,0,0.0,52.870758,31.1,0.0,26.435379,0.04935834155972359
ALMENDRA,2,2,0,0,0,0,0,0.0,52.870758,31.1,0.0,26.435379,0.09871668311944717
CARLOS BARRERA,7,6,0,0,1,0,0,0.0,52.870758,31.1,0.0,26.435379,0.3455083909180652
SUECIA,3,2,1,0,0,0,0,0.0,52.870758,31.1,0.0,26.435379,0.14807502467917077
PRESA DEL TINTERO,2,2,0,0,0,0,0,0.0,52.870758,31.1,0.0,26.435379,0.09871668311944717
BENITO JUAREZ,1,1,0,0,0,0,0,0.0,52.870758,31.1,0.0,26.435379,0.04935834155972359
LOGINOS CADENA,2,2,0,0,0,0,0,0.0,52.870758,31.1,0.0,26.435379,0.09871668311944717
CREPUSCULO,5,3,1,0,1,0,0,0.0,52.870758,31.1,0.0,26.435379,0.24679170779861795
GUADALUPE COZ,6,5,0,0,0,1,0,0.0,52.870758,31.1,0.0,26.435379,0.29615004935834155
JOSE JUAN TABLADA,12,8,2,0,2,0,0,0.0,52.870758,31.1,0.0,26.435379,0.5923000987166831
ISLA TIBURON,2,2,0,0,0,0,0,0.0,52.870758,31.1,0.0,26.435379,0.09871668311944717
ISLA BRITANICA,3,1,1,0,1,0,0,0.0,52.870758,31.1,0.0,26.435379,0.14807502467917077
VIVALDI,3,2,1,0,0,0,0,0.0,52.870758,31.1,0.0,26.435379,0.14807502467917077
ANTONIO MENDEZ BOLIO CANTARELL,2,2,0,0,0,0,0,0.0,52.870758,31.1,0.0,26.435379,0.09871668311944717
ISLA ALBORAN,9,7,1,0,1,0,0,0.0,52.870758,31.1,0.0,26.435379,0.4442250740375123
AGUA DULCE,6,4,1,0,1,0,0,0.0,52.870758,31.1,0.0,26.435379,0.29615004935834155
ANDRE BAUDIN,1,1,0,0,0,0,0,0.0,52.870758,31.1,0.0,26.435379,0.04935834155972359
ANTONIO GARCIA CUBAS,9,7,0,0,1,1,0,0.0,52.870758,31.1,0.0,26.435379,0.4442250740375123
VOLCAN ZACATECAS,1,1,0,0,0,0,0,0.0,52.870758,31.1,0.0,26.435379,0.04935834155972359
VOLCAN DOMUYO,4,2,2,0,0,0,0,0.0,52.870758,31.1,0.0,26.435379,0.19743336623889435
AGUSTIN YAEZ,5,5,0,0,0,0,0,0.0,52.870758,31.1,0.0,26.435379,0.24679170779861795
MONTES CELESTES,4,3,0,0,1,0,0,0.0,52.870758,31.1,0.0,26.435379,0.19743336623889435
JERICO,2,2,0,0,0,0,0,0.0,52.870758,31.1,0.0,26.435379,0.09871668311944717
LORENZO DE ZAVALA,1,1,0,0,0,0,0,0.0,52.870758,31.1,0.0,26.435379,0.04935834155972359
FRANCISCO MEDINA ASCENCIO,2,2,0,0,0,0,0,0.0,52.870758,31.1,0.0,26.435379,0.09871668311944717
CANCION,3,3,0,0,0,0,0,0.0,52.870758,31.1,0.0,26.435379,0.14807502467917077
VOLCAN POPOCA,8,4,2,0,1,1,0,0.0,52.870758,31.1,0.0,26.435379,0.3948667324777887
BASILIO VADILLO,2,2,0,0,0,0,0,0.0,52.870758,31.1,0.0,26.435379,0.09871668311944717
DEL ORO,1,1,0,0,0,0,0,0.0,52.870758,31.1,0.0,26.435379,0.04935834155972359
INDEPENDENCIA NORTE K 1 2,2,2,0,0,0,0,0,0.0,52.870758,31.1,0.0,26.435379,0.09871668311944717
HACIENDA COFRADIA DEL ROSARIIO,5,4,1,0,0,0,0,0.0,52.870758,31.1,0.0,26.435379,0.24679170779861795
MONTE TABOR,20,15,2,1,2,0,0,0.0,52.870758,31.1,0.0,26.435379,0.9871668311944718
DARIO RUBIO,2,2,0,0,0,0,0,0.0,52.870758,31.1,0.0,26.435379,0.09871668311944717
SALTO DEL AGUA (LATERAL),14,11,0,0,2,1,0,0.0,52.870758,31.1,0.0,26.435379,0.6910167818361304
VICENTE ARREGUI,2,1,0,0,1,0,0,0.0,52.870758,31.1,0.0,26.435379,0.09871668311944717
MAR CASPIO (LATERAL),2,1,1,0,0,0,0,0.0,52.870758,31.1,0.0,26.435379,0.09871668311944717
FRANCISCO LABASTIDA IZQUIERDA,5,3,1,0,1,0,0,0.0,52.870758,31.1,0.0,26.435379,0.24679170779861795
ANGULO,3,3,0,0,0,0,0,0.0,52.870758,31.1,0.0,26.435379,0.14807502467917077
E-2,3,2,0,0,1,0,0,0.0,52.870758,31.1,0.0,26.435379,0.14807502467917077
CASTILLO DE GRANADITAS,5,4,0,0,1,0,0,0.0,52.870758,31.1,0.0,26.435379,0.24679170779861795
ISLA DE CEDROS,5,5,0,0,0,0,0,0.0,52.870758,31.1,0.0,26.435379,0.24679170779861795
E. JESUS DE LOS RIOS,5,3,0,0,2,0,0,0.0,52.870758,31.1,0.0,26.435379,0.24679170779861795
HACIENDA CANUTILLO,5,3,0,0,2,0,0,0.0,52.870758,31.1,0.0,26.435379,0.24679170779861795
AVENIDA MEXICO,3,3,0,0,0,0,0,0.0,52.870758,31.1,0.0,26.435379,0.14807502467917077
FRAY MANUEL NAJERA,5,3,2,0,0,0,0,0.0,52.870758,31.1,0.0,26.435379,0.24679170779861795
AYUNTAMIENTO,17,17,0,0,0,0,0,0.0,52.870758,31.1,0.0,26.435379,0.839091806515301
JOSE M. ARREOLA,5,4,1,0,0,0,0,0.0,52.870758,31.1,0.0,26.435379,0.24679170779861795
ISLA HEBRIDAS,3,3,0,0,0,0,0,0.0,52.870758,31.1,0.0,26.435379,0.14807502467917077
JOSE FIGUEROA,5,2,2,0,1,0,0,0.0,52.870758,31.1,0.0,26.435379,0.24679170779861795
DEL PARQUE,3,3,0,0,0,0,0,0.0,52.870758,31.1,0.0,26.435379,0.14807502467917077
FIDEL VELAZQUEZ,4,4,0,0,0,0,0,0.0,52.870758,31.1,0.0,26.435379,0.19743336623889435
DEL OBRERO,1,1,0,0,0,0,0,0.0,52.870758,31.1,0.0,26.435379,0.04935834155972359
LAPIZLAZULLI,1,1,0,0,0,0,0,0.0,52.870758,31.1,0.0,26.435379,0.04935834155972359
CIRCUNVALACION DIVISION DEL NORTE,6,6,0,0,0,0,0,0.0,52.870758,31.1,0.0,26.435379,0.29615004935834155
A LA BASE AEREA,1,1,0,0,0,0,0,0.0,52.870758,31.1,0.0,26.435379,0.04935834155972359
DEL SERVIDOR PUBLICO,2,2,0,0,0,0,0,0.0,52.870758,31.1,0.0,26.435379,0.09871668311944717
ANTA ROSALIA,1,1,0,0,0,0,0,0.0,52.870758,31.1,0.0,26.435379,0.04935834155972359
ARTEMIO DE VALLE ARIZPE,4,4,0,0,0,0,0,0.0,52.870758,31.1,0.0,26.435379,0.19743336623889435
ESTERLINA,2,2,0,0,0,0,0,0.0,52.870758,31.1,0.0,26.435379,0.09871668311944717
ISLA MADAGASCAR,2,2,0,0,0,0,0,0.0,52.870758,31.1,0.0,26.435379,0.09871668311944717
SAN JUANA DE LUNA,1,1,0,0,0,0,0,0.0,52.870758,31.1,0.0,26.435379,0.04935834155972359
INDEPENDENCIA NTE,6,6,0,0,0,0,0,0.0,52.870758,31.1,0.0,26.435379,0.29615004935834155
INDUSTRIAS,1,1,0,0,0,0,0,0.0,52.870758,31.1,0.0,26.435379,0.04935834155972359
INDEPENDENCIA ZONA V,1,1,0,0,0,0,0,0.0,52.870758,31.1,0.0,26.435379,0.04935834155972359
JUAN CANO,3,2,0,0,1,0,0,0.0,52.870758,31.1,0.0,26.435379,0.14807502467917077
PUERTO ZIHUATANEJO,3,3,0,0,0,0,0,0.0,52.870758,31.1,0.0,26.435379,0.14807502467917077
FRANCISCO SEVERO MALDONADO,8,5,1,0,2,0,0,0.0,52.870758,31.1,0.0,26.435379,0.3948667324777887
FUELLE,12,6,2,0,4,0,0,0.0,52.870758,31.1,0.0,26.435379,0.5923000987166831
G-2,1,1,0,0,0,0,0,0.0,52.870758,31.1,0.0,26.435379,0.04935834155972359
ANGELA PERALTA,4,4,0,0,0,0,0,0.0,52.870758,31.1,0.0,26.435379,0.19743336623889435
MANUEL PEREZ LETE,5,3,1,0,1,0,0,0.0,52.870758,31.1,0.0,26.435379,0.24679170779861795
PLAZA DE LA BANDERA,3,3,0,0,0,0,0,0.0,52.870758,31.1,0.0,26.435379,0.14807502467917077
BILBAO,12,10,2,0,0,0,0,0.0,52.870758,31.1,0.0,26.435379,0.5923000987166831
VALENTIN LOPEZ,1,1,0,0,0,0,0,0.0,52.870758,31.1,0.0,26.435379,0.04935834155972359
ANIBAL,3,3,0,0,0,0,0,0.0,52.870758,31.1,0.0,26.435379,0.14807502467917077
MARCOS MONTEROS RUIZ,14,12,1,0,1,0,0,0.0,52.870758,31.1,0.0,26.435379,0.6910167818361304
CALLE DEL REAL,6,5,0,0,0,1,0,0.0,52.870758,31.1,0.0,26.435379,0.29615004935834155
MARIANO RODRIGUEZ,6,5,0,0,1,0,0,0.0,52.870758,31.1,0.0,26.435379,0.29615004935834155
SAN RAMON,4,3,1,0,0,0,0,0.0,52.870758,31.1,0.0,26.435379,0.19743336623889435
H. BUSTOS,6,6,0,0,0,0,0,0.0,52.870758,31.1,0.0,26.435379,0.29615004935834155
MAYAS,13,11,0,1,1,0,0,0.0,52.870758,31.1,0.0,26.435379,0.6416584402764067
CALLE GAZA,1,1,0,0,0,0,0,0.0,52.870758,31.1,0.0,26.435379,0.04935834155972359
CIRCUNVALACION NORTE,1,1,0,0,0,0,0,0.0,52.870758,31.1,0.0,26.435379,0.04935834155972359
M LOPEZ DE LEGASPI,1,1,0,0,0,0,0,0.0,52.870758,31.1,0.0,26.435379,0.04935834155972359
AVENIDA CHAPULTEPEC SUR,1,1,0,0,0,0,0,0.0,52.870758,31.1,0.0,26.435379,0.04935834155972359
ISLA RAZA,2,2,0,0,0,0,0,0.0,52.870758,31.1,0.0,26.435379,0.09871668311944717
OTOMIES,3,2,0,0,1,0,0,0.0,52.870758,31.1,0.0,26.435379,0.14807502467917077
PATRIA ESQ CON EXPERIENCIA,1,1,0,0,0,0,0,0.0,52.870758,31.1,0.0,26.435379,0.04935834155972359
APALACHES,1,1,0,0,0,0,0,0.0,52.870758,31.1,0.0,26.435379,0.04935834155972359
QUEBEC,36,32,1,0,2,1,0,0.0,52.870758,31.1,0.0,26.435379,1.7769002961500493
CIPRIANO CAMPOS A LA TORRE,1,1,0,0,0,0,0,0.0,52.870758,31.1,0.0,26.435379,0.04935834155972359
GUADALUPE MARTINEZ DE HERNANDEZ LOZA,1,1,0,0,0,0,0,0.0,52.870758,31.1,0.0,26.435379,0.04935834155972359
DIONICIO RODRIGUEZ,1,1,0,0,0,0,0,0.0,52.870758,31.1,0.0,26.435379,0.04935834155972359
8 JULIO,1,1,0,0,0,0,0,0.0,52.870758,31.1,0.0,26.435379,0.04935834155972359
HACIENDA SANTA FE,8,7,0,0,0,1,0,0.0,52.870758,31.1,0.0,26.435379,0.3948667324777887
MIGUL LOPEZ DE LEGAZPI,1,1,0,0,0,0,0,0.0,52.870758,31.1,0.0,26.435379,0.04935834155972359
MIGUEL AYON,1,1,0,0,0,0,0,0.0,52.870758,31.1,0.0,26.435379,0.04935834155972359
DEL OBRERO O JUAN PABLO II,1,1,0,0,0,0,0,0.0,52.870758,31.1,0.0,26.435379,0.04935834155972359
HACIENDA DE SANTIAGO,1,1,0,0,0,0,0,0.0,52.870758,31.1,0.0,26.435379,0.04935834155972359
MA GUADALUPE MARTINEZ DE HERNANDEZ,1,1,0,0,0,0,0,0.0,52.870758,31.1,0.0,26.435379,0.04935834155972359
EULOGIO PARRA,4,4,0,0,0,0,0,0.0,52.870758,31.1,0.0,26.435379,0.19743336623889435
CVLN. SAN ANDRES,1,1,0,0,0,0,0,0.0,52.870758,31.1,0.0,26.435379,0.04935834155972359
LOPEZ MATEOS NORTE,7,6,0,0,1,0,0,0.0,52.870758,31.1,0.0,26.435379,0.3455083909180652
J. OTHON NUNEZ,6,4,1,0,0,1,0,0.0,52.870758,31.1,0.0,26.435379,0.29615004935834155
SILVERIO NUNEZ,7,5,0,0,1,1,0,0.0,52.870758,31.1,0.0,26.435379,0.3455083909180652
FRANCISCO J. ZAVALA,3,3,0,0,0,0,0,0.0,52.870758,31.1,0.0,26.435379,0.14807502467917077
ANSELMO MENA,1,1,0,0,0,0,0,0.0,52.870758,31.1,0.0,26.435379,0.04935834155972359
VASCO NUNEZ DE BALBOA,12,9,0,0,1,2,0,0.0,52.870758,31.1,0.0,26.435379,0.5923000987166831
OTOBA,3,2,0,0,1,0,0,0.0,52.870758,31.1,0.0,26.435379,0.14807502467917077
OTHON NUNEZ,1,1,0,0,0,0,0,0.0,52.870758,31.1,0.0,26.435379,0.04935834155972359
HORACIO,3,3,0,0,0,0,0,0.0,52.870758,31.1,0.0,26.435379,0.14807502467917077
RONDANA,1,1,0,0,0,0,0,0.0,52.870758,31.1,0.0,26.435379,0.04935834155972359
JUPITER,2,1,0,0,1,0,0,0.0,52.870758,31.1,0.0,26.435379,0.09871668311944717
ANTONIO OVIEDO MORENO,7,3,0,0,3,1,0,0.0,52.870758,31.1,0.0,26.435379,0.3455083909180652
MIGUEL DE AVILA,7,5,2,0,0,0,0,0.0,52.870758,31.1,0.0,26.435379,0.3455083909180652
JOSE MARIA ESTRADA,7,4,2,0,1,0,0,0.0,52.870758,31.1,0.0,26.435379,0.3455083909180652
ALFONSO TORO,2,1,1,0,0,0,0,0.0,52.870758,31.1,0.0,26.435379,0.09871668311944717
ARQUITECTO MANUEL ITUARTE,11,6,1,0,4,0,0,0.0,52.870758,31.1,0.0,26.435379,0.5429417571569595
VOLCAN COLIMA,4,3,0,0,0,1,0,0.0,52.870758,31.1,0.0,26.435379,0.19743336623889435
STRAUSS,1,1,0,0,0,0,0,0.0,52.870758,31.1,0.0,26.435379,0.04935834155972359
PUERTO CHAMPOTON,3,3,0,0,0,0,0,0.0,52.870758,31.1,0.0,26.435379,0.14807502467917077
TIVOLI,6,4,0,0,0,2,0,0.0,52.870758,31.1,0.0,26.435379,0.29615004935834155
JESUS ACAL,2,2,0,0,0,0,0,0.0,52.870758,31.1,0.0,26.435379,0.09871668311944717
MINEROS,3,2,0,0,1,0,0,0.0,52.870758,31.1,0.0,26.435379,0.14807502467917077
VOLCAN CANATLAN,10,4,4,0,2,0,0,0.0,52.870758,31.1,0.0,26.435379,0.4935834155972359
GLORIA MATEOS Y DIAZ PRIETO,4,1,2,0,1,0,0,0.0,52.870758,31.1,0.0,26.435379,0.19743336623889435
MANUEL SANTIBANEZ,1,1,0,0,0,0,0,0.0,52.870758,31.1,0.0,26.435379,0.04935834155972359
LUIS GONZALEZ GUTIERREZ,4,3,1,0,0,0,0,0.0,52.870758,31.1,0.0,26.435379,0.19743336623889435
CALLE DE JANITZIO,2,2,0,0,0,0,0,0.0,52.870758,31.1,0.0,26.435379,0.09871668311944717
FRACISCO FRANCO,1,1,0,0,0,0,0,0.0,52.870758,31.1,0.0,26.435379,0.04935834155972359
HACIENDA DEL REFUGIO,6,4,1,0,1,0,0,0.0,52.870758,31.1,0.0,26.435379,0.29615004935834155
CHICHEN ITZA,7,5,1,0,1,0,0,0.0,52.870758,31.1,0.0,26.435379,0.3455083909180652
HACIENDA LA LABOR,1,0,1,0,0,0,0,0.0,52.870758,31.1,0.0,26.435379,0.04935834155972359
ALFONSO GRAVIOTO,11,7,2,0,1,1,0,0.0,52.870758,31.1,0.0,26.435379,0.5429417571569595
DIAGONAL SAN JORGE,5,5,0,0,0,0,0,0.0,52.870758,31.1,0.0,26.435379,0.24679170779861795
SANTA LUZ,3,3,0,0,0,0,0,0.0,52.870758,31.1,0.0,26.435379,0.14807502467917077
MIGUEL LOPEZ DE LEGAZPI,1,1,0,0,0,0,0,0.0,52.870758,31.1,0.0,26.435379,0.04935834155972359
TEJA,1,1,0,0,0,0,0,0.0,52.870758,31.1,0.0,26.435379,0.04935834155972359
AVENIDA DELAS AMERICAS,1,1,0,0,0,0,0,0.0,52.870758,31.1,0.0,26.435379,0.04935834155972359
PASEO DE LOS BALCONES,7,7,0,0,0,0,0,0.0,52.870758,31.1,0.0,26.435379,0.3455083909180652
ELBA,4,4,0,0,0,0,0,0.0,52.870758,31.1,0.0,26.435379,0.19743336623889435
CUARZO,3,2,0,0,1,0,0,0.0,52.870758,31.1,0.0,26.435379,0.14807502467917077
SANZIO,1,1,0,0,0,0,0,0.0,52.870758,31.1,0.0,26.435379,0.04935834155972359
VALLARTA Y CAMARENA,1,1,0,0,0,0,0,0.0,52.870758,31.1,0.0,26.435379,0.04935834155972359
INDEPENDENCIA NORTE KM 1.2,1,1,0,0,0,0,0,0.0,52.870758,31.1,0.0,26.435379,0.04935834155972359
SAN FERNANDO,7,6,0,0,1,0,0,0.0,52.870758,31.1,0.0,26.435379,0.3455083909180652
HIDALGO K43,1,1,0,0,0,0,0,0.0,52.870758,31.1,0.0,26.435379,0.04935834155972359
AV. ARTESANOS,8,7,0,0,1,0,0,0.0,52.870758,31.1,0.0,26.435379,0.3948667324777887
RIO OMETEPEC,10,4,1,0,4,1,0,0.0,52.870758,31.1,0.0,26.435379,0.4935834155972359
SAN JUAN DE ULLUA,1,1,0,0,0,0,0,0.0,52.870758,31.1,0.0,26.435379,0.04935834155972359
AV. NINOS HEROES,1,1,0,0,0,0,0,0.0,52.870758,31.1,0.0,26.435379,0.04935834155972359
LAZARO GUTIERREZ,1,1,0,0,0,0,0,0.0,52.870758,31.1,0.0,26.435379,0.04935834155972359
L. V. TORRES,1,1,0,0,0,0,0,0.0,52.870758,31.1,0.0,26.435379,0.04935834155972359
AGUSTIN FERNANDEZ,10,7,0,0,3,0,0,0.0,52.870758,31.1,0.0,26.435379,0.4935834155972359
DANIEL A. ZEPEDA,4,4,0,0,0,0,0,0.0,52.870758,31.1,0.0,26.435379,0.19743336623889435
BARRA DE NAVIDAD,9,8,1,0,0,0,0,0.0,52.870758,31.1,0.0,26.435379,0.4442250740375123
ANTONIO DIAZ SOLIS,15,11,0,0,4,0,0,0.0,52.870758,31.1,0.0,26.435379,0.7403751233958539
PATRICIA VILLALOBOS,4,2,1,0,0,1,0,0.0,52.870758,31.1,0.0,26.435379,0.19743336623889435
GENARO ESTRADA,8,6,1,0,0,1,0,0.0,52.870758,31.1,0.0,26.435379,0.3948667324777887
BAJIO CHBAMPO FTE,1,1,0,0,0,0,0,0.0,52.870758,31.1,0.0,26.435379,0.04935834155972359
JUAN DE DIOS BURGOS,6,3,1,0,2,0,0,0.0,52.870758,31.1,0.0,26.435379,0.29615004935834155
JORDAN SUR,8,5,0,0,3,0,0,0.0,52.870758,31.1,0.0,26.435379,0.3948667324777887
HEROES DE LA INDEPENDENCIA,3,2,0,0,1,0,0,0.0,52.870758,31.1,0.0,26.435379,0.14807502467917077
HACIENDA DE TAHUEJO,4,4,0,0,0,0,0,0.0,52.870758,31.1,0.0,26.435379,0.19743336623889435
MUSICA,11,10,1,0,0,0,0,0.0,52.870758,31.1,0.0,26.435379,0.5429417571569595
CALLE 1,2,2,0,0,0,0,0,0.0,52.870758,31.1,0.0,26.435379,0.09871668311944717
GASPAR ANTONIO XIU,15,9,2,0,1,3,0,0.0,52.870758,31.1,0.0,26.435379,0.7403751233958539
COBRE,1,0,1,0,0,0,0,0.0,52.870758,31.1,0.0,26.435379,0.04935834155972359
JOAQUIN CHIC,1,1,0,0,0,0,0,0.0,52.870758,31.1,0.0,26.435379,0.04935834155972359
ENRIQUE AGUILAR,2,1,1,0,0,0,0,0.0,52.870758,31.1,0.0,26.435379,0.09871668311944717
ANTIGUO CAMINO AL ROSARIO,4,2,0,0,1,1,0,0.0,52.870758,31.1,0.0,26.435379,0.19743336623889435
CALLE A CHAPALA,1,1,0,0,0,0,0,0.0,52.870758,31.1,0.0,26.435379,0.04935834155972359
AV.VALLARTA,1,1,0,0,0,0,0,0.0,52.870758,31.1,0.0,26.435379,0.04935834155972359
ALFONSO REYES,6,4,1,0,1,0,0,0.0,52.870758,31.1,0.0,26.435379,0.29615004935834155
JOSE MARIA MATA,1,1,0,0,0,0,0,0.0,52.870758,31.1,0.0,26.435379,0.04935834155972359
BIZET,3,3,0,0,0,0,0,0.0,52.870758,31.1,0.0,26.435379,0.14807502467917077
PABLO QUIROGA,3,2,0,0,1,0,0,0.0,52.870758,31.1,0.0,26.435379,0.14807502467917077
LA PARCELA,1,1,0,0,0,0,0,0.0,52.870758,31.1,0.0,26.435379,0.04935834155972359
HEMEREGILDO BUSTOS,5,3,2,0,0,0,0,0.0,52.870758,31.1,0.0,26.435379,0.24679170779861795
SIRIA,7,3,2,0,2,0,0,0.0,52.870758,31.1,0.0,26.435379,0.3455083909180652
CALLE 8,1,1,0,0,0,0,0,0.0,52.870758,31.1,0.0,26.435379,0.04935834155972359
GIBRALTAR,2,2,0,0,0,0,0,0.0,52.870758,31.1,0.0,26.435379,0.09871668311944717
JUAQUIN ANGULO,4,2,0,0,2,0,0,0.0,52.870758,31.1,0.0,26.435379,0.19743336623889435
EL CHACO,6,6,0,0,0,0,0,0.0,52.870758,31.1,0.0,26.435379,0.29615004935834155
ENRIQUE DIAZ DE LEON NORTE (LATERAL),3,3,0,0,0,0,0,0.0,52.870758,31.1,0.0,26.435379,0.14807502467917077
PARQUE DE LAS ESTRELLAS,8,7,1,0,0,0,0,0.0,52.870758,31.1,0.0,26.435379,0.3948667324777887
HACIENDA EL PASO,3,2,1,0,0,0,0,0.0,52.870758,31.1,0.0,26.435379,0.14807502467917077
JOSE MARIA SALAS,3,1,2,0,0,0,0,0.0,52.870758,31.1,0.0,26.435379,0.14807502467917077
PEREZ DE LA TORRE,3,2,1,0,0,0,0,0.0,52.870758,31.1,0.0,26.435379,0.14807502467917077
VENUS,3,1,2,0,0,0,0,0.0,52.870758,31.1,0.0,26.435379,0.14807502467917077
TORONJA,1,0,1,0,0,0,0,0.0,52.870758,31.1,0.0,26.435379,0.04935834155972359
TURQUIA,5,1,1,0,3,0,0,0.0,52.870758,31.1,0.0,26.435379,0.24679170779861795
ALFREDO SALMERON,7,4,3,0,0,0,0,0.0,52.870758,31.1,0.0,26.435379,0.3455083909180652
LA CONDESA,3,2,1,0,0,0,0,0.0,52.870758,31.1,0.0,26.435379,0.14807502467917077
IGNACIO CASTANEDA,7,4,2,0,0,1,0,0.0,52.870758,31.1,0.0,26.435379,0.3455083909180652
20-A (CONCEPCION JURADO),2,2,0,0,0,0,0,0.0,52.870758,31.1,0.0,26.435379,0.09871668311944717
FERNANDO AMILPA,2,2,0,0,0,0,0,0.0,52.870758,31.1,0.0,26.435379,0.09871668311944717
LA RABIDA,3,2,1,0,0,0,0,0.0,52.870758,31.1,0.0,26.435379,0.14807502467917077
ABRANTES,12,8,2,1,1,0,0,0.0,52.870758,31.1,0.0,26.435379,0.5923000987166831
ISLA FLORES,2,2,0,0,0,0,0,0.0,52.870758,31.1,0.0,26.435379,0.09871668311944717
CALPULALPAN,6,6,0,0,0,0,0,0.0,52.870758,31.1,0.0,26.435379,0.29615004935834155
PASCUAL ORTIZ,3,3,0,0,0,0,0,0.0,52.870758,31.1,0.0,26.435379,0.14807502467917077
ESTEBAN A LATORRE,1,1,0,0,0,0,0,0.0,52.870758,31.1,0.0,26.435379,0.04935834155972359
ESTEBAN BACA CALDERON,6,4,0,0,2,0,0,0.0,52.870758,31.1,0.0,26.435379,0.29615004935834155
ASIA,4,4,0,0,0,0,0,0.0,52.870758,31.1,0.0,26.435379,0.19743336623889435
TORONTO,5,5,0,0,0,0,0,0.0,52.870758,31.1,0.0,26.435379,0.24679170779861795
XAVIER ICAZA Y LOPEZ NEGRETE,1,1,0,0,0,0,0,0.0,52.870758,31.1,0.0,26.435379,0.04935834155972359
ARCADIO URCELAY,3,3,0,0,0,0,0,0.0,52.870758,31.1,0.0,26.435379,0.14807502467917077
LUIS LARA,5,1,3,0,1,0,0,0.0,52.870758,31.1,0.0,26.435379,0.24679170779861795
RIO GRIJALVA,6,5,0,0,0,1,0,0.0,52.870758,31.1,0.0,26.435379,0.29615004935834155
INDEPENDENCIA NORTE Y EUTIMIO PINZON,1,1,0,0,0,0,0,0.0,52.870758,31.1,0.0,26.435379,0.04935834155972359
AMERICAS ESQ ARISTA,1,1,0,0,0,0,0,0.0,52.870758,31.1,0.0,26.435379,0.04935834155972359
CIRCUNVALACION OKBLATOS,1,1,0,0,0,0,0,0.0,52.870758,31.1,0.0,26.435379,0.04935834155972359
RAFAEL SANZIO,1,1,0,0,0,0,0,0.0,52.870758,31.1,0.0,26.435379,0.04935834155972359
IGNACIO VALLARTA,2,2,0,0,0,0,0,0.0,52.870758,31.1,0.0,26.435379,0.09871668311944717
VALLARTA EJE PONIENTE,1,1,0,0,0,0,0,0.0,52.870758,31.1,0.0,26.435379,0.04935834155972359
GENERAL MARCELINO GARCIA BARRGAN,1,1,0,0,0,0,0,0.0,52.870758,31.1,0.0,26.435379,0.04935834155972359
SIN REFERENCIA,11,10,0,0,1,0,0,0.0,52.870758,31.1,0.0,26.435379,0.5429417571569595
SERIS,8,7,0,0,1,0,0,0.0,52.870758,31.1,0.0,26.435379,0.3948667324777887
RAUL QUINTERO,3,2,0,0,1,0,0,0.0,52.870758,31.1,0.0,26.435379,0.14807502467917077
F-4,2,2,0,0,0,0,0,0.0,52.870758,31.1,0.0,26.435379,0.09871668311944717
OBREROS DE CANANEA,1,1,0,0,0,0,0,0.0,52.870758,31.1,0.0,26.435379,0.04935834155972359
RINCON DE LAS PRADERAS,7,5,0,0,2,0,0,0.0,52.870758,31.1,0.0,26.435379,0.3455083909180652
SIDON,8,5,1,0,2,0,0,0.0,52.870758,31.1,0.0,26.435379,0.3948667324777887
MACEDONIO ALCALA,3,2,1,0,0,0,0,0.0,52.870758,31.1,0.0,26.435379,0.14807502467917077
NAPOLES,4,4,0,0,0,0,0,0.0,52.870758,31.1,0.0,26.435379,0.19743336623889435
PUERTO SAN BLAS,3,2,1,0,0,0,0,0.0,52.870758,31.1,0.0,26.435379,0.14807502467917077
VOLCAN MINO,10,6,0,0,2,2,0,0.0,52.870758,31.1,0.0,26.435379,0.4935834155972359
ROBERTO VERDECIO,1,1,0,0,0,0,0,0.0,52.870758,31.1,0.0,26.435379,0.04935834155972359
MANUEL GARCES,1,1,0,0,0,0,0,0.0,52.870758,31.1,0.0,26.435379,0.04935834155972359
GUILLERMO JIMENEZ,2,2,0,0,0,0,0,0.0,52.870758,31.1,0.0,26.435379,0.09871668311944717
MONICO GALLEGO,1,1,0,0,0,0,0,0.0,52.870758,31.1,0.0,26.435379,0.04935834155972359
CALLE DE LA PASARELA,3,3,0,0,0,0,0,0.0,52.870758,31.1,0.0,26.435379,0.14807502467917077
PARIAN,5,3,0,0,1,1,0,0.0,52.870758,31.1,0.0,26.435379,0.24679170779861795
CODORNIZ,4,2,1,0,1,0,0,0.0,52.870758,31.1,0.0,26.435379,0.19743336623889435
ISLA ITACA,3,3,0,0,0,0,0,0.0,52.870758,31.1,0.0,26.435379,0.14807502467917077
DINAR,2,1,1,0,0,0,0,0.0,52.870758,31.1,0.0,26.435379,0.09871668311944717
CALATAYUD,5,3,2,0,0,0,0,0.0,52.870758,31.1,0.0,26.435379,0.24679170779861795
ANTONIO DE LEON Y GAMA,5,3,0,0,0,2,0,0.0,52.870758,31.1,0.0,26.435379,0.24679170779861795
SATURNO,2,2,0,0,0,0,0,0.0,52.870758,31.1,0.0,26.435379,0.09871668311944717
IBIS,2,2,0,0,0,0,0,0.0,52.870758,31.1,0.0,26.435379,0.09871668311944717
ISLA DEL HIERRO,8,6,0,0,0,2,0,0.0,52.870758,31.1,0.0,26.435379,0.3948667324777887
GUSTAVO CAMPA,2,1,1,0,0,0,0,0.0,52.870758,31.1,0.0,26.435379,0.09871668311944717
OPERA,2,1,1,0,0,0,0,0.0,52.870758,31.1,0.0,26.435379,0.09871668311944717
RICHARD WAGNER,3,2,0,0,0,1,0,0.0,52.870758,31.1,0.0,26.435379,0.14807502467917077
PINCEL,4,3,1,0,0,0,0,0.0,52.870758,31.1,0.0,26.435379,0.19743336623889435
JESUS ROBLES,2,2,0,0,0,0,0,0.0,52.870758,31.1,0.0,26.435379,0.09871668311944717
CRISTOBAL DE VILLALPANDO,1,1,0,0,0,0,0,0.0,52.870758,31.1,0.0,26.435379,0.04935834155972359
JOSE MARIA MONTENEGRO,3,2,1,0,0,0,0,0.0,52.870758,31.1,0.0,26.435379,0.14807502467917077
HERMENEGILDO BUSTOS,2,2,0,0,0,0,0,0.0,52.870758,31.1,0.0,26.435379,0.09871668311944717
HACIENDA DE LA VEGA,1,1,0,0,0,0,0,0.0,52.870758,31.1,0.0,26.435379,0.04935834155972359
CALIZA,3,3,0,0,0,0,0,0.0,52.870758,31.1,0.0,26.435379,0.14807502467917077
ASCENCIO CORREA,2,1,1,0,0,0,0,0.0,52.870758,31.1,0.0,26.435379,0.09871668311944717
VOLCAN ESTROMBOLI,5,4,1,0,0,0,0,0.0,52.870758,31.1,0.0,26.435379,0.24679170779861795
SAN MARCOS,3,3,0,0,0,0,0,0.0,52.870758,31.1,0.0,26.435379,0.14807502467917077
SAMARIA,6,3,2,0,0,1,0,0.0,52.870758,31.1,0.0,26.435379,0.29615004935834155
ISLA ARUBA,8,8,0,0,0,0,0,0.0,52.870758,31.1,0.0,26.435379,0.3948667324777887
ANUBIS,1,1,0,0,0,0,0,0.0,52.870758,31.1,0.0,26.435379,0.04935834155972359
URANIO,1,1,0,0,0,0,0,0.0,52.870758,31.1,0.0,26.435379,0.04935834155972359
PEDRO VELEZ,21,14,5,0,1,1,0,0.0,52.870758,31.1,0.0,26.435379,1.0365251727541955
REFUGIO BARRAGAN,3,2,1,0,0,0,0,0.0,52.870758,31.1,0.0,26.435379,0.14807502467917077
MERCADERES,4,3,0,0,1,0,0,0.0,52.870758,31.1,0.0,26.435379,0.19743336623889435
FAUSTINO CEBALLOS,1,1,0,0,0,0,0,0.0,52.870758,31.1,0.0,26.435379,0.04935834155972359
JACOBO AMADO,2,1,1,0,0,0,0,0.0,52.870758,31.1,0.0,26.435379,0.09871668311944717
BRASIL,4,4,0,0,0,0,0,0.0,52.870758,31.1,0.0,26.435379,0.19743336623889435
FRANCISCO R. SERRANO,1,1,0,0,0,0,0,0.0,52.870758,31.1,0.0,26.435379,0.04935834155972359
HERIBERTO FRIAS,1,1,0,0,0,0,0,0.0,52.870758,31.1,0.0,26.435379,0.04935834155972359
ANTONIO MENDEZ,3,3,0,0,0,0,0,0.0,52.870758,31.1,0.0,26.435379,0.14807502467917077
MELOCOTON,1,1,0,0,0,0,0,0.0,52.870758,31.1,0.0,26.435379,0.04935834155972359
ABEL SALAZAR,1,1,0,0,0,0,0,0.0,52.870758,31.1,0.0,26.435379,0.04935834155972359
SAN ALFREDO,3,3,0,0,0,0,0,0.0,52.870758,31.1,0.0,26.435379,0.14807502467917077
MARCOS REY NEL,1,1,0,0,0,0,0,0.0,52.870758,31.1,0.0,26.435379,0.04935834155972359
JOSE LUIS ARREGUI,1,1,0,0,0,0,0,0.0,52.870758,31.1,0.0,26.435379,0.04935834155972359
DOS BOCAS,16,10,2,0,2,2,0,0.0,52.870758,31.1,0.0,26.435379,0.7897334649555774
FRANCISCO LA MADRID,6,5,1,0,0,0,0,0.0,52.870758,31.1,0.0,26.435379,0.29615004935834155
FRANCISCO OSORNIO,2,2,0,0,0,0,0,0.0,52.870758,31.1,0.0,26.435379,0.09871668311944717
LEOPOLDO RUBIO FERNANDEZ,2,2,0,0,0,0,0,0.0,52.870758,31.1,0.0,26.435379,0.09871668311944717
CALLE DEL TUNEL,1,1,0,0,0,0,0,0.0,52.870758,31.1,0.0,26.435379,0.04935834155972359
AGUA DE MANANTIAL,4,3,1,0,0,0,0,0.0,52.870758,31.1,0.0,26.435379,0.19743336623889435
VOLCAN BUMBAN,3,2,1,0,0,0,0,0.0,52.870758,31.1,0.0,26.435379,0.14807502467917077
AGUA CALIENTE,1,1,0,0,0,0,0,0.0,52.870758,31.1,0.0,26.435379,0.04935834155972359
FRANCISCO MEDINA DE LA TORRE,3,2,1,0,0,0,0,0.0,52.870758,31.1,0.0,26.435379,0.14807502467917077
JOSE MARIA VALENCIA,1,1,0,0,0,0,0,0.0,52.870758,31.1,0.0,26.435379,0.04935834155972359
CARTA DE ORO,3,1,1,0,1,0,0,0.0,52.870758,31.1,0.0,26.435379,0.14807502467917077
J. CARTIER,6,3,1,0,0,2,0,0.0,52.870758,31.1,0.0,26.435379,0.29615004935834155
RIO ARNO,5,3,0,0,2,0,0,0.0,52.870758,31.1,0.0,26.435379,0.24679170779861795
TLAXCALA,3,3,0,0,0,0,0,0.0,52.870758,31.1,0.0,26.435379,0.14807502467917077
PRESA DE LA ZURDA,4,3,0,0,1,0,0,0.0,52.870758,31.1,0.0,26.435379,0.19743336623889435
LA PALMA,3,3,0,0,0,0,0,0.0,52.870758,31.1,0.0,26.435379,0.14807502467917077
JULIO A. ROCA,3,1,1,0,1,0,0,0.0,52.870758,31.1,0.0,26.435379,0.14807502467917077
COMBATE ALICA,1,1,0,0,0,0,0,0.0,52.870758,31.1,0.0,26.435379,0.04935834155972359
PASEO DE LAS AVES,7,4,2,0,1,0,0,0.0,52.870758,31.1,0.0,26.435379,0.3455083909180652
ING. ANTONIO VILLASENOR,1,1,0,0,0,0,0,0.0,52.870758,31.1,0.0,26.435379,0.04935834155972359
HACIENDA LA ESTANCIA,3,1,1,0,1,0,0,0.0,52.870758,31.1,0.0,26.435379,0.14807502467917077
RAFAEL CASTRO,1,1,0,0,0,0,0,0.0,52.870758,31.1,0.0,26.435379,0.04935834155972359
LEANDRO BRAVO,1,1,0,0,0,0,0,0.0,52.870758,31.1,0.0,26.435379,0.04935834155972359
ANSELMO CAMACHO,4,4,0,0,0,0,0,0.0,52.870758,31.1,0.0,26.435379,0.19743336623889435
CVLN. DIVISION DEL NORTE,1,1,0,0,0,0,0,0.0,52.870758,31.1,0.0,26.435379,0.04935834155972359
CALZADA JUAN PABLO II,1,1,0,0,0,0,0,0.0,52.870758,31.1,0.0,26.435379,0.04935834155972359
RIO BLANCO,5,5,0,0,0,0,0,0.0,52.870758,31.1,0.0,26.435379,0.24679170779861795
VALERIO TRUJANO,9,5,2,0,2,0,0,0.0,52.870758,31.1,0.0,26.435379,0.4442250740375123
FERNANDO CELADA,1,1,0,0,0,0,0,0.0,52.870758,31.1,0.0,26.435379,0.04935834155972359
PORFIRIO GARCIA DE L.,3,2,1,0,0,0,0,0.0,52.870758,31.1,0.0,26.435379,0.14807502467917077
IGNACIO ZARAGOZA,1,1,0,0,0,0,0,0.0,52.870758,31.1,0.0,26.435379,0.04935834155972359
MAGISTRADOS,2,2,0,0,0,0,0,0.0,52.870758,31.1,0.0,26.435379,0.09871668311944717
LA ASUNCION,4,2,0,0,2,0,0,0.0,52.870758,31.1,0.0,26.435379,0.19743336623889435
ELIAS ZAMORA VERDUZCO,1,1,0,0,0,0,0,0.0,52.870758,31.1,0.0,26.435379,0.04935834155972359
ESTEBAN ALA TORRE,1,1,0,0,0,0,0,0.0,52.870758,31.1,0.0,26.435379,0.04935834155972359
LOPEZ DE LEGASPI,1,1,0,0,0,0,0,0.0,52.870758,31.1,0.0,26.435379,0.04935834155972359
MANUEL IRIGOYEN,3,2,1,0,0,0,0,0.0,52.870758,31.1,0.0,26.435379,0.14807502467917077
BANDAJOS,1,1,0,0,0,0,0,0.0,52.870758,31.1,0.0,26.435379,0.04935834155972359
PUERTO RICO,4,4,0,0,0,0,0,0.0,52.870758,31.1,0.0,26.435379,0.19743336623889435
MARTILLO,1,1,0,0,0,0,0,0.0,52.870758,31.1,0.0,26.435379,0.04935834155972359
ADOLFO CIENFUEGOS Y CAMUS,5,2,1,0,2,0,0,0.0,52.870758,31.1,0.0,26.435379,0.24679170779861795
PEDRO S. PALLAS,1,1,0,0,0,0,0,0.0,52.870758,31.1,0.0,26.435379,0.04935834155972359
COROS,5,3,2,0,0,0,0,0.0,52.870758,31.1,0.0,26.435379,0.24679170779861795
FRANCISCO GONZALEZ LEON,8,4,2,0,1,1,0,0.0,52.870758,31.1,0.0,26.435379,0.3948667324777887
RAMON MARQUEZ GALINDO,5,3,2,0,0,0,0,0.0,52.870758,31.1,0.0,26.435379,0.24679170779861795
LUZ SANDOVAL,1,1,0,0,0,0,0,0.0,52.870758,31.1,0.0,26.435379,0.04935834155972359
MIGUEL ALVAREZ,7,5,2,0,0,0,0,0.0,52.870758,31.1,0.0,26.435379,0.3455083909180652
21 DE MARZO,6,6,0,0,0,0,0,0.0,52.870758,31.1,0.0,26.435379,0.29615004935834155
MANUEL CABRERA,2,2,0,0,0,0,0,0.0,52.870758,31.1,0.0,26.435379,0.09871668311944717
GUSTAVO A. MADERO,1,1,0,0,0,0,0,0.0,52.870758,31.1,0.0,26.435379,0.04935834155972359
CALLE DE JESUS MACIAS,2,1,1,0,0,0,0,0.0,52.870758,31.1,0.0,26.435379,0.09871668311944717
NUEVO LEON,9,6,2,0,1,0,0,0.0,52.870758,31.1,0.0,26.435379,0.4442250740375123
GUADALUPE RAMIREZ,3,3,0,0,0,0,0,0.0,52.870758,31.1,0.0,26.435379,0.14807502467917077
EGLON,1,1,0,0,0,0,0,0.0,52.870758,31.1,0.0,26.435379,0.04935834155972359
GERTRUDIS BOCANEGRA,2,2,0,0,0,0,0,0.0,52.870758,31.1,0.0,26.435379,0.09871668311944717
16,12,2,0,0,9,1,0,0.0,52.870758,31.1,0.0,26.435379,0.5923000987166831
CORAS,11,10,0,0,0,1,0,0.0,52.870758,31.1,0.0,26.435379,0.5429417571569595
J. DE QUEZADA,7,6,0,0,1,0,0,0.0,52.870758,31.1,0.0,26.435379,0.3455083909180652
ALBINO ZERTUCHE,2,1,1,0,0,0,0,0.0,52.870758,31.1,0.0,26.435379,0.09871668311944717
SANTIAGO XICOTENCATL,5,3,2,0,0,0,0,0.0,52.870758,31.1,0.0,26.435379,0.24679170779861795
DR.R .MICHEL,1,1,0,0,0,0,0,0.0,52.870758,31.1,0.0,26.435379,0.04935834155972359
FAJA DE ORO,12,8,4,0,0,0,0,0.0,52.870758,31.1,0.0,26.435379,0.5923000987166831
MARIANO LICEAGA,6,6,0,0,0,0,0,0.0,52.870758,31.1,0.0,26.435379,0.29615004935834155
HACIENDA COFRADIA,12,9,0,0,3,0,0,0.0,52.870758,31.1,0.0,26.435379,0.5923000987166831
TECALI,3,3,0,0,0,0,0,0.0,52.870758,31.1,0.0,26.435379,0.14807502467917077
NIQUEL,10,9,0,0,1,0,0,0.0,52.870758,31.1,0.0,26.435379,0.4935834155972359
CRONISTAS,3,3,0,0,0,0,0,0.0,52.870758,31.1,0.0,26.435379,0.14807502467917077
JOSE PEON Y CONTRERAS,3,2,1,0,0,0,0,0.0,52.870758,31.1,0.0,26.435379,0.14807502467917077
PRESA DE LA ANGOSTURA,6,2,4,0,0,0,0,0.0,52.870758,31.1,0.0,26.435379,0.29615004935834155
8 DE DICIEMBRE,2,2,0,0,0,0,0,0.0,52.870758,31.1,0.0,26.435379,0.09871668311944717
GOMEZ MORIN PERIFERICO,1,1,0,0,0,0,0,0.0,52.870758,31.1,0.0,26.435379,0.04935834155972359
VALLARTA ESQ. PALOMAR Y ARIAS,1,1,0,0,0,0,0,0.0,52.870758,31.1,0.0,26.435379,0.04935834155972359
JOSE GARIBAY,5,4,1,0,0,0,0,0.0,52.870758,31.1,0.0,26.435379,0.24679170779861795
RICARDO FLORES MAGON OTE.,1,1,0,0,0,0,0,0.0,52.870758,31.1,0.0,26.435379,0.04935834155972359
CALZADA INDEPENDENCIA,4,4,0,0,0,0,0,0.0,52.870758,31.1,0.0,26.435379,0.19743336623889435
AVENIDA LOPEZ DE LEGAZPI,1,1,0,0,0,0,0,0.0,52.870758,31.1,0.0,26.435379,0.04935834155972359
AVENIDA 8 DE JULIO,1,1,0,0,0,0,0,0.0,52.870758,31.1,0.0,26.435379,0.04935834155972359
AVENIDA PLUTARCO ELIAS CALLES,1,1,0,0,0,0,0,0.0,52.870758,31.1,0.0,26.435379,0.04935834155972359
OTHON BLANCO,1,1,0,0,0,0,0,0.0,52.870758,31.1,0.0,26.435379,0.04935834155972359
ROBERTO MICHEL,2,2,0,0,0,0,0,0.0,52.870758,31.1,0.0,26.435379,0.09871668311944717
PRIVADA FRANCISCO TEJEDA,5,5,0,0,0,0,0,0.0,52.870758,31.1,0.0,26.435379,0.24679170779861795
BEETHOVEN,10,7,1,0,1,1,0,0.0,52.870758,31.1,0.0,26.435379,0.4935834155972359
MEXICO Y AZTECAS,1,1,0,0,0,0,0,0.0,52.870758,31.1,0.0,26.435379,0.04935834155972359
FEDERICO MEDRANO,3,3,0,0,0,0,0,0.0,52.870758,31.1,0.0,26.435379,0.14807502467917077
LUIS MALO,1,1,0,0,0,0,0,0.0,52.870758,31.1,0.0,26.435379,0.04935834155972359
LAS HADAS,2,1,1,0,0,0,0,0.0,52.870758,31.1,0.0,26.435379,0.09871668311944717
NISPERO,3,1,1,0,1,0,0,0.0,52.870758,31.1,0.0,26.435379,0.14807502467917077
JESUS PARDO,1,0,1,0,0,0,0,0.0,52.870758,31.1,0.0,26.435379,0.04935834155972359
SALVADOR ALVARADO,2,1,1,0,0,0,0,0.0,52.870758,31.1,0.0,26.435379,0.09871668311944717
JOSE JULIAN PEON,2,0,2,0,0,0,0,0.0,52.870758,31.1,0.0,26.435379,0.09871668311944717
PEDRO BARANDA,1,0,1,0,0,0,0,0.0,52.870758,31.1,0.0,26.435379,0.04935834155972359
MARIA GREVER,3,1,2,0,0,0,0,0.0,52.870758,31.1,0.0,26.435379,0.14807502467917077
MEMBRILLO,2,1,1,0,0,0,0,0.0,52.870758,31.1,0.0,26.435379,0.09871668311944717
B. GODOY,2,1,1,0,0,0,0,0.0,52.870758,31.1,0.0,26.435379,0.09871668311944717
D,3,2,1,0,0,0,0,0.0,52.870758,31.1,0.0,26.435379,0.14807502467917077
RAFAEL SERRANO,2,1,1,0,0,0,0,0.0,52.870758,31.1,0.0,26.435379,0.09871668311944717
DANIEL CABRERA,4,1,3,0,0,0,0,0.0,52.870758,31.1,0.0,26.435379,0.19743336623889435
EFREN HERNANDEZ,4,3,1,0,0,0,0,0.0,52.870758,31.1,0.0,26.435379,0.19743336623889435
LUIS MIRELES,2,1,1,0,0,0,0,0.0,52.870758,31.1,0.0,26.435379,0.09871668311944717
24 DE FEBRERO,5,3,1,0,1,0,0,0.0,52.870758,31.1,0.0,26.435379,0.24679170779861795
J. ANTONIO ADAME,3,2,1,0,0,0,0,0.0,52.870758,31.1,0.0,26.435379,0.14807502467917077
3 DE MAYO,1,0,1,0,0,0,0,0.0,52.870758,31.1,0.0,26.435379,0.04935834155972359
VOLCAN IXTEPETL,2,0,1,0,1,0,0,0.0,52.870758,31.1,0.0,26.435379,0.09871668311944717
VOLCAN OLAGUE,1,0,1,0,0,0,0,0.0,52.870758,31.1,0.0,26.435379,0.04935834155972359
VOLCAN COSINGUINA,3,2,1,0,0,0,0,0.0,52.870758,31.1,0.0,26.435379,0.14807502467917077
GUILLERMO AGUIRRE Y FIERRO,3,1,1,0,1,0,0,0.0,52.870758,31.1,0.0,26.435379,0.14807502467917077
VOLCAN MAUNALOA,2,1,1,0,0,0,0,0.0,52.870758,31.1,0.0,26.435379,0.09871668311944717
MANUEL JUAREZ,2,1,1,0,0,0,0,0.0,52.870758,31.1,0.0,26.435379,0.09871668311944717
PICHINCHA,2,1,1,0,0,0,0,0.0,52.870758,31.1,0.0,26.435379,0.09871668311944717
LAZARO PAVIA,1,0,1,0,0,0,0,0.0,52.870758,31.1,0.0,26.435379,0.04935834155972359
HERREROS,3,1,2,0,0,0,0,0.0,52.870758,31.1,0.0,26.435379,0.14807502467917077
PEDRO PARAMO,1,0,1,0,0,0,0,0.0,52.870758,31.1,0.0,26.435379,0.04935834155972359
HACIENDA LA JARRILLA,1,0,1,0,0,0,0,0.0,52.870758,31.1,0.0,26.435379,0.04935834155972359
HACIENDA EL CONSUELO,1,0,1,0,0,0,0,0.0,52.870758,31.1,0.0,26.435379,0.04935834155972359
M. PRIETO,2,1,1,0,0,0,0,0.0,52.870758,31.1,0.0,26.435379,0.09871668311944717
ISLA GALAPAGOS,1,0,1,0,0,0,0,0.0,52.870758,31.1,0.0,26.435379,0.04935834155972359
M. GOMEZ PEDRAZA,1,0,1,0,0,0,0,0.0,52.870758,31.1,0.0,26.435379,0.04935834155972359
MINERIA,1,0,1,0,0,0,0,0.0,52.870758,31.1,0.0,26.435379,0.04935834155972359
RANCHO ALEGRE,1,0,1,0,0,0,0,0.0,52.870758,31.1,0.0,26.435379,0.04935834155972359
ARROYO SAN RAMON (LATERAL),1,0,1,0,0,0,0,0.0,52.870758,31.1,0.0,26.435379,0.04935834155972359
LEMPIRA,1,0,1,0,0,0,0,0.0,52.870758,31.1,0.0,26.435379,0.04935834155972359
GETSEMANI,13,10,3,0,0,0,0,0.0,52.870758,31.1,0.0,26.435379,0.6416584402764067
SIERRA DE TECUAN,3,2,1,0,0,0,0,0.0,52.870758,31.1,0.0,26.435379,0.14807502467917077
MINERVA,2,1,1,0,0,0,0,0.0,52.870758,31.1,0.0,26.435379,0.09871668311944717
ZARANDI,3,1,2,0,0,0,0,0.0,52.870758,31.1,0.0,26.435379,0.14807502467917077
PRESA MADERO,3,2,1,0,0,0,0,0.0,52.870758,31.1,0.0,26.435379,0.14807502467917077
LUGO,1,0,1,0,0,0,0,0.0,52.870758,31.1,0.0,26.435379,0.04935834155972359
RAFAEL LANDIVAR,1,0,1,0,0,0,0,0.0,52.870758,31.1,0.0,26.435379,0.04935834155972359
CABO,3,2,1,0,0,0,0,0.0,52.870758,31.1,0.0,26.435379,0.14807502467917077
ANCERA,1,0,1,0,0,0,0,0.0,52.870758,31.1,0.0,26.435379,0.04935834155972359
VICENTE CAMACHO,1,0,1,0,0,0,0,0.0,52.870758,31.1,0.0,26.435379,0.04935834155972359
MELCHOR MUZQUIZ,6,3,1,0,2,0,0,0.0,52.870758,31.1,0.0,26.435379,0.29615004935834155
RAFAEL SOLIS,3,1,1,0,1,0,0,0.0,52.870758,31.1,0.0,26.435379,0.14807502467917077
MARCELINO RENTERIA,2,1,1,0,0,0,0,0.0,52.870758,31.1,0.0,26.435379,0.09871668311944717
ANTONIO ABAD RIVERA,5,3,2,0,0,0,0,0.0,52.870758,31.1,0.0,26.435379,0.24679170779861795
ISLA TASMANIA,11,9,1,0,1,0,0,0.0,52.870758,31.1,0.0,26.435379,0.5429417571569595
TORNILLO,4,2,1,0,1,0,0,0.0,52.870758,31.1,0.0,26.435379,0.19743336623889435
GUILLERMO HERNANDEZ,3,2,1,0,0,0,0,0.0,52.870758,31.1,0.0,26.435379,0.14807502467917077
AC-2,1,0,1,0,0,0,0,0.0,52.870758,31.1,0.0,26.435379,0.04935834155972359
GUANARE,1,0,1,0,0,0,0,0.0,52.870758,31.1,0.0,26.435379,0.04935834155972359
MARIANO TRUJILLO,1,0,1,0,0,0,0,0.0,52.870758,31.1,0.0,26.435379,0.04935834155972359
CONCEPCION URQUIZA,1,0,1,0,0,0,0,0.0,52.870758,31.1,0.0,26.435379,0.04935834155972359
RANCHO MAYORAL,1,0,1,0,0,0,0,0.0,52.870758,31.1,0.0,26.435379,0.04935834155972359
JOSE CARLOS BECERRA,5,1,3,0,1,0,0,0.0,52.870758,31.1,0.0,26.435379,0.24679170779861795
DRAGO,1,0,1,0,0,0,0,0.0,52.870758,31.1,0.0,26.435379,0.04935834155972359
CALLE DEL MOTOR,2,1,1,0,0,0,0,0.0,52.870758,31.1,0.0,26.435379,0.09871668311944717
HACIENDA DE MILPILLAS,1,0,1,0,0,0,0,0.0,52.870758,31.1,0.0,26.435379,0.04935834155972359
JUAN CASTRO,3,1,1,0,1,0,0,0.0,52.870758,31.1,0.0,26.435379,0.14807502467917077
JEREZ,3,2,1,0,0,0,0,0.0,52.870758,31.1,0.0,26.435379,0.14807502467917077
RAFAEL RUIZ RIVERA,1,0,1,0,0,0,0,0.0,52.870758,31.1,0.0,26.435379,0.04935834155972359
LAUREL DE LA INDIA,4,3,1,0,0,0,0,0.0,52.870758,31.1,0.0,26.435379,0.19743336623889435
CLIO,4,2,1,0,1,0,0,0.0,52.870758,31.1,0.0,26.435379,0.19743336623889435
PORVENIR,1,0,1,0,0,0,0,0.0,52.870758,31.1,0.0,26.435379,0.04935834155972359
ATEMOZTLI,6,3,1,0,1,1,0,0.0,52.870758,31.1,0.0,26.435379,0.29615004935834155
ISRAEL,8,3,4,0,1,0,0,0.0,52.870758,31.1,0.0,26.435379,0.3948667324777887
HACIENDA DEL CENTRO,2,1,1,0,0,0,0,0.0,52.870758,31.1,0.0,26.435379,0.09871668311944717
GLORIA MATEOS,1,0,1,0,0,0,0,0.0,52.870758,31.1,0.0,26.435379,0.04935834155972359
TEOFILO LORETO,6,3,2,0,1,0,0,0.0,52.870758,31.1,0.0,26.435379,0.29615004935834155
J. SALAZAR,1,0,1,0,0,0,0,0.0,52.870758,31.1,0.0,26.435379,0.04935834155972359
SANTIAGO CAMBEROS,3,2,1,0,0,0,0,0.0,52.870758,31.1,0.0,26.435379,0.14807502467917077
ANTONIO NARVAEZ,2,0,2,0,0,0,0,0.0,52.870758,31.1,0.0,26.435379,0.09871668311944717
DINERO,4,3,1,0,0,0,0,0.0,52.870758,31.1,0.0,26.435379,0.19743336623889435
COPAL,11,8,1,0,0,2,0,0.0,52.870758,31.1,0.0,26.435379,0.5429417571569595
46 (DAVID G. BERNAGA),1,0,1,0,0,0,0,0.0,52.870758,31.1,0.0,26.435379,0.04935834155972359
VOLCAN DE ORIZABA,1,0,1,0,0,0,0,0.0,52.870758,31.1,0.0,26.435379,0.04935834155972359
HACIENDA DE LAS ANIMAS,1,0,1,0,0,0,0,0.0,52.870758,31.1,0.0,26.435379,0.04935834155972359
RAFAEL SANCHEZ TAPIA,1,0,1,0,0,0,0,0.0,52.870758,31.1,0.0,26.435379,0.04935834155972359
ARQUITECTO JOSE BELTRAN,2,0,2,0,0,0,0,0.0,52.870758,31.1,0.0,26.435379,0.09871668311944717
BRONCE,1,0,1,0,0,0,0,0.0,52.870758,31.1,0.0,26.435379,0.04935834155972359
LUIS CABALLERO,1,0,1,0,0,0,0,0.0,52.870758,31.1,0.0,26.435379,0.04935834155972359
HACIENDA DE COCOYOC,3,2,1,0,0,0,0,0.0,52.870758,31.1,0.0,26.435379,0.14807502467917077
MORERA,2,1,1,0,0,0,0,0.0,52.870758,31.1,0.0,26.435379,0.09871668311944717
HACIENDA HOAXTLAN,2,1,1,0,0,0,0,0.0,52.870758,31.1,0.0,26.435379,0.09871668311944717
EZEQUIEL DUENAS,4,1,1,0,2,0,0,0.0,52.870758,31.1,0.0,26.435379,0.19743336623889435
GONZALO ANCIRA,4,2,1,0,1,0,0,0.0,52.870758,31.1,0.0,26.435379,0.19743336623889435
R. VERDECIO,2,1,1,0,0,0,0,0.0,52.870758,31.1,0.0,26.435379,0.09871668311944717
EDUARDO CORREA,3,0,2,0,1,0,0,0.0,52.870758,31.1,0.0,26.435379,0.14807502467917077
PALESTINA,4,2,1,0,0,1,0,0.0,52.870758,31.1,0.0,26.435379,0.19743336623889435
AGUA MARINA,2,1,1,0,0,0,0,0.0,52.870758,31.1,0.0,26.435379,0.09871668311944717
SANTIAGO TAPIA,1,0,1,0,0,0,0,0.0,52.870758,31.1,0.0,26.435379,0.04935834155972359
ANTONIO REYNOSO,1,0,1,0,0,0,0,0.0,52.870758,31.1,0.0,26.435379,0.04935834155972359
BERSEBA,2,0,1,0,1,0,0,0.0,52.870758,31.1,0.0,26.435379,0.09871668311944717
PUERTO YAVAROS,7,3,2,0,2,0,0,0.0,52.870758,31.1,0.0,26.435379,0.3455083909180652
LORENZO BARCELATA,4,1,2,0,1,0,0,0.0,52.870758,31.1,0.0,26.435379,0.19743336623889435
HACIENDA CORDONCILLO,2,0,1,0,0,1,0,0.0,52.870758,31.1,0.0,26.435379,0.09871668311944717
JOAQUIN BARANDA,1,0,1,0,0,0,0,0.0,52.870758,31.1,0.0,26.435379,0.04935834155972359
HACIENDA LA CANDELARIA,1,0,1,0,0,0,0,0.0,52.870758,31.1,0.0,26.435379,0.04935834155972359
PIRAMIDE,2,1,1,0,0,0,0,0.0,52.870758,31.1,0.0,26.435379,0.09871668311944717
SAMIR,1,0,1,0,0,0,0,0.0,52.870758,31.1,0.0,26.435379,0.04935834155972359
VOLCAN HUEYTEPEC,3,2,1,0,0,0,0,0.0,52.870758,31.1,0.0,26.435379,0.14807502467917077
FRANCISCO GONZALEZ GUERRERO,1,0,1,0,0,0,0,0.0,52.870758,31.1,0.0,26.435379,0.04935834155972359
HACIENDA LA SAUCEDA,1,0,1,0,0,0,0,0.0,52.870758,31.1,0.0,26.435379,0.04935834155972359
HACIENDA EL CASTILLO,1,0,1,0,0,0,0,0.0,52.870758,31.1,0.0,26.435379,0.04935834155972359
SAN ROMAN,5,4,1,0,0,0,0,0.0,52.870758,31.1,0.0,26.435379,0.24679170779861795
VOLCAN NIEBLA,5,3,1,0,1,0,0,0.0,52.870758,31.1,0.0,26.435379,0.24679170779861795
RIO EBRO,3,2,1,0,0,0,0,0.0,52.870758,31.1,0.0,26.435379,0.14807502467917077
ANDRES IBARRA DE LEON,2,0,2,0,0,0,0,0.0,52.870758,31.1,0.0,26.435379,0.09871668311944717
FELIPE CARRILLO PUERTO,1,0,1,0,0,0,0,0.0,52.870758,31.1,0.0,26.435379,0.04935834155972359
A. ESCUDIER,1,0,1,0,0,0,0,0.0,52.870758,31.1,0.0,26.435379,0.04935834155972359
FEDERICO GAMBOA,3,2,1,0,0,0,0,0.0,52.870758,31.1,0.0,26.435379,0.14807502467917077
M. R. ALATORRE,2,0,1,0,1,0,0,0.0,52.870758,31.1,0.0,26.435379,0.09871668311944717
PLAZUELA F,1,0,1,0,0,0,0,0.0,52.870758,31.1,0.0,26.435379,0.04935834155972359
VOLCAN MIRAVALLES,1,0,1,0,0,0,0,0.0,52.870758,31.1,0.0,26.435379,0.04935834155972359
MEDALLA,2,1,1,0,0,0,0,0.0,52.870758,31.1,0.0,26.435379,0.09871668311944717
DONCELES,2,1,1,0,0,0,0,0.0,52.870758,31.1,0.0,26.435379,0.09871668311944717
IGNACIO BORREGO,1,0,1,0,0,0,0,0.0,52.870758,31.1,0.0,26.435379,0.04935834155972359
JOSE ACEVES POZOS,4,2,1,0,1,0,0,0.0,52.870758,31.1,0.0,26.435379,0.19743336623889435
A. N. CABEZA DE VACA,2,1,1,0,0,0,0,0.0,52.870758,31.1,0.0,26.435379,0.09871668311944717
CARTERO,1,0,1,0,0,0,0,0.0,52.870758,31.1,0.0,26.435379,0.04935834155972359
PALOMA,2,1,1,0,0,0,0,0.0,52.870758,31.1,0.0,26.435379,0.09871668311944717
JOSE HERNANDEZ ORIENTE,1,0,1,0,0,0,0,0.0,52.870758,31.1,0.0,26.435379,0.04935834155972359
BARRANCA DE HUENTITAN,3,2,1,0,0,0,0,0.0,52.870758,31.1,0.0,26.435379,0.14807502467917077
ALBINO CORSO ANGEL,6,4,2,0,0,0,0,0.0,52.870758,31.1,0.0,26.435379,0.29615004935834155
LORENZO AVILES,3,2,1,0,0,0,0,0.0,52.870758,31.1,0.0,26.435379,0.14807502467917077
VALENTIN FERNANDEZ,4,2,2,0,0,0,0,0.0,52.870758,31.1,0.0,26.435379,0.19743336623889435
FRANCISCO MAGANA,4,1,3,0,0,0,0,0.0,52.870758,31.1,0.0,26.435379,0.19743336623889435
NARCISO MENDOZA,3,2,1,0,0,0,0,0.0,52.870758,31.1,0.0,26.435379,0.14807502467917077
PUERTO GUAYMAS,3,2,1,0,0,0,0,0.0,52.870758,31.1,0.0,26.435379,0.14807502467917077
PAGANINI,1,0,1,0,0,0,0,0.0,52.870758,31.1,0.0,26.435379,0.04935834155972359
CASTANO,1,0,1,0,0,0,0,0.0,52.870758,31.1,0.0,26.435379,0.04935834155972359
RANCHO LA LUZ,3,1,2,0,0,0,0,0.0,52.870758,31.1,0.0,26.435379,0.14807502467917077
SALVADOR ANGUIANO,5,4,1,0,0,0,0,0.0,52.870758,31.1,0.0,26.435379,0.24679170779861795
EDUARDO REYNOSO,1,0,1,0,0,0,0,0.0,52.870758,31.1,0.0,26.435379,0.04935834155972359
MARTIRES IRLANDESES,11,5,1,0,5,0,0,0.0,52.870758,31.1,0.0,26.435379,0.5429417571569595
HACIENDA TAHUEJO,2,1,1,0,0,0,0,0.0,52.870758,31.1,0.0,26.435379,0.09871668311944717
PASCAL,2,1,1,0,0,0,0,0.0,52.870758,31.1,0.0,26.435379,0.09871668311944717
J. CASTELLANOS,3,2,1,0,0,0,0,0.0,52.870758,31.1,0.0,26.435379,0.14807502467917077
MANUEL LOZANO,2,1,1,0,0,0,0,0.0,52.870758,31.1,0.0,26.435379,0.09871668311944717
SIERRA DE PIHUAMO,2,1,1,0,0,0,0,0.0,52.870758,31.1,0.0,26.435379,0.09871668311944717
SAN RUPERTO,3,2,1,0,0,0,0,0.0,52.870758,31.1,0.0,26.435379,0.14807502467917077
MONTE ALEGRE,1,0,1,0,0,0,0,0.0,52.870758,31.1,0.0,26.435379,0.04935834155972359
RANCHO EL RODEO,1,0,1,0,0,0,0,0.0,52.870758,31.1,0.0,26.435379,0.04935834155972359
RANCHO EL VENADITO,1,0,1,0,0,0,0,0.0,52.870758,31.1,0.0,26.435379,0.04935834155972359
ROBERTO NUNEZ,7,5,2,0,0,0,0,0.0,52.870758,31.1,0.0,26.435379,0.3455083909180652
TRINIDAD NUNEZ GUZMAN,1,0,1,0,0,0,0,0.0,52.870758,31.1,0.0,26.435379,0.04935834155972359
ALBERTO MACIAS GUTIERREZ,1,0,1,0,0,0,0,0.0,52.870758,31.1,0.0,26.435379,0.04935834155972359
JOSE CHAVEZ,2,1,1,0,0,0,0,0.0,52.870758,31.1,0.0,26.435379,0.09871668311944717
BERNARDO SEVILLA,1,0,1,0,0,0,0,0.0,52.870758,31.1,0.0,26.435379,0.04935834155972359
ISLA ABACO,4,3,1,0,0,0,0,0.0,52.870758,31.1,0.0,26.435379,0.19743336623889435
PIERO DE LA FRANCESA,1,0,1,0,0,0,0,0.0,52.870758,31.1,0.0,26.435379,0.04935834155972359
LUIS ROSADO VEGA,1,0,1,0,0,0,0,0.0,52.870758,31.1,0.0,26.435379,0.04935834155972359
XAVIER ICAZA,1,1,0,0,0,0,0,0.0,52.870758,31.1,0.0,26.435379,0.04935834155972359
ISLA BELCHER,3,2,1,0,0,0,0,0.0,52.870758,31.1,0.0,26.435379,0.14807502467917077
GILDARDO GOMEZ A.,1,0,1,0,0,0,0,0.0,52.870758,31.1,0.0,26.435379,0.04935834155972359
B,2,0,1,0,1,0,0,0.0,52.870758,31.1,0.0,26.435379,0.09871668311944717
JUAN BERNARDO,1,0,1,0,0,0,0,0.0,52.870758,31.1,0.0,26.435379,0.04935834155972359
UGARTE Y LOYOLA,1,0,1,0,0,0,0,0.0,52.870758,31.1,0.0,26.435379,0.04935834155972359
PEDRO ESCALANTE PALMA,2,1,1,0,0,0,0,0.0,52.870758,31.1,0.0,26.435379,0.09871668311944717
CARLOS GUTIERREZ,3,3,0,0,0,0,0,0.0,52.870758,31.1,0.0,26.435379,0.14807502467917077
ARRECIFE,3,3,0,0,0,0,0,0.0,52.870758,31.1,0.0,26.435379,0.14807502467917077
14 DE AGOSTO,1,1,0,0,0,0,0,0.0,52.870758,31.1,0.0,26.435379,0.04935834155972359
RAFAEL ALDRETE,2,2,0,0,0,0,0,0.0,52.870758,31.1,0.0,26.435379,0.09871668311944717
PLAZA TAPATIA,3,3,0,0,0,0,0,0.0,52.870758,31.1,0.0,26.435379,0.14807502467917077
MESONES,1,0,1,0,0,0,0,0.0,52.870758,31.1,0.0,26.435379,0.04935834155972359
DEL CAMPESINO,1,1,0,0,0,0,0,0.0,52.870758,31.1,0.0,26.435379,0.04935834155972359
TORIBIO ORTEGA,3,2,1,0,0,0,0,0.0,52.870758,31.1,0.0,26.435379,0.14807502467917077
PEDRO MORENO SECTOR JUAREZ,1,1,0,0,0,0,0,0.0,52.870758,31.1,0.0,26.435379,0.04935834155972359
BOULEVARD MARCELINO GARCIA BARRAGAN,2,2,0,0,0,0,0,0.0,52.870758,31.1,0.0,26.435379,0.09871668311944717
CORDURA,3,3,0,0,0,0,0,0.0,52.870758,31.1,0.0,26.435379,0.14807502467917077
PASEO DE LOS LEONES,2,2,0,0,0,0,0,0.0,52.870758,31.1,0.0,26.435379,0.09871668311944717
SANTA ISABEL,3,2,0,0,1,0,0,0.0,52.870758,31.1,0.0,26.435379,0.14807502467917077
MALAGA,7,4,0,0,1,2,0,0.0,52.870758,31.1,0.0,26.435379,0.3455083909180652
HACIENDA LA PUNTA,2,1,0,0,0,1,0,0.0,52.870758,31.1,0.0,26.435379,0.09871668311944717
MARCELINO GARCIA,1,1,0,0,0,0,0,0.0,52.870758,31.1,0.0,26.435379,0.04935834155972359
GRAL MARCELINO GARCIA BARRAGAN,3,3,0,0,0,0,0,0.0,52.870758,31.1,0.0,26.435379,0.14807502467917077
8 (LATERAL),1,1,0,0,0,0,0,0.0,52.870758,31.1,0.0,26.435379,0.04935834155972359
IGNACIO HERRERA Y CAIRO,1,1,0,0,0,0,0,0.0,52.870758,31.1,0.0,26.435379,0.04935834155972359
CALLE DE LAS CORTES,3,3,0,0,0,0,0,0.0,52.870758,31.1,0.0,26.435379,0.14807502467917077
RIO JAMAPO,1,1,0,0,0,0,0,0.0,52.870758,31.1,0.0,26.435379,0.04935834155972359
ANTONIO TOVAR CANO,3,3,0,0,0,0,0,0.0,52.870758,31.1,0.0,26.435379,0.14807502467917077
JUAN DE DIOS ARIAS,1,0,1,0,0,0,0,0.0,52.870758,31.1,0.0,26.435379,0.04935834155972359
MNEMOSINE,5,4,1,0,0,0,0,0.0,52.870758,31.1,0.0,26.435379,0.24679170779861795
SAMUEL MONDRAGON,1,1,0,0,0,0,0,0.0,52.870758,31.1,0.0,26.435379,0.04935834155972359
RUPERTO ALDANA,3,3,0,0,0,0,0,0.0,52.870758,31.1,0.0,26.435379,0.14807502467917077
MONTECRISTO,1,1,0,0,0,0,0,0.0,52.870758,31.1,0.0,26.435379,0.04935834155972359
FERNANDO OCARANZA,1,1,0,0,0,0,0,0.0,52.870758,31.1,0.0,26.435379,0.04935834155972359
LA MERCED,4,3,1,0,0,0,0,0.0,52.870758,31.1,0.0,26.435379,0.19743336623889435
BENJAMIN EGUILUZ,2,2,0,0,0,0,0,0.0,52.870758,31.1,0.0,26.435379,0.09871668311944717
VICENTE SUAREZ,2,2,0,0,0,0,0,0.0,52.870758,31.1,0.0,26.435379,0.09871668311944717
ASTROS,2,2,0,0,0,0,0,0.0,52.870758,31.1,0.0,26.435379,0.09871668311944717
MARIANO RAMIREZ,1,1,0,0,0,0,0,0.0,52.870758,31.1,0.0,26.435379,0.04935834155972359
CARACAS,1,1,0,0,0,0,0,0.0,52.870758,31.1,0.0,26.435379,0.04935834155972359
LUIS ENRIQUE RUIZ,2,2,0,0,0,0,0,0.0,52.870758,31.1,0.0,26.435379,0.09871668311944717
JUAN CORREA,1,1,0,0,0,0,0,0.0,52.870758,31.1,0.0,26.435379,0.04935834155972359
NAPOLEON,13,12,0,0,1,0,0,0.0,52.870758,31.1,0.0,26.435379,0.6416584402764067
RODOLFO GARIBAY,2,2,0,0,0,0,0,0.0,52.870758,31.1,0.0,26.435379,0.09871668311944717
EBANO,1,1,0,0,0,0,0,0.0,52.870758,31.1,0.0,26.435379,0.04935834155972359
VALENTIN CANALIZO,2,2,0,0,0,0,0,0.0,52.870758,31.1,0.0,26.435379,0.09871668311944717
RAFAEL MARTINEZ,2,1,0,0,1,0,0,0.0,52.870758,31.1,0.0,26.435379,0.09871668311944717
PUERTO PENASCO,1,1,0,0,0,0,0,0.0,52.870758,31.1,0.0,26.435379,0.04935834155972359
BRIGIDA GARCIA,2,1,0,0,1,0,0,0.0,52.870758,31.1,0.0,26.435379,0.09871668311944717
LIQUIDAMBAR,1,1,0,0,0,0,0,0.0,52.870758,31.1,0.0,26.435379,0.04935834155972359
PEREZ JIMENEZ,1,1,0,0,0,0,0,0.0,52.870758,31.1,0.0,26.435379,0.04935834155972359
TERPSICORE,4,4,0,0,0,0,0,0.0,52.870758,31.1,0.0,26.435379,0.19743336623889435
ARQUITECTO F. MARISCAL,4,4,0,0,0,0,0,0.0,52.870758,31.1,0.0,26.435379,0.19743336623889435
FRANCISCO VELASCO,1,1,0,0,0,0,0,0.0,52.870758,31.1,0.0,26.435379,0.04935834155972359
PRIVADA FERNANDO CALDERON,1,1,0,0,0,0,0,0.0,52.870758,31.1,0.0,26.435379,0.04935834155972359
FELISA GOMEZ,2,2,0,0,0,0,0,0.0,52.870758,31.1,0.0,26.435379,0.09871668311944717
SEGUNDA,1,1,0,0,0,0,0,0.0,52.870758,31.1,0.0,26.435379,0.04935834155972359
BARRANCA DE OBLATOS,2,2,0,0,0,0,0,0.0,52.870758,31.1,0.0,26.435379,0.09871668311944717
MARIA GUADALUPE RUVALCABA,1,1,0,0,0,0,0,0.0,52.870758,31.1,0.0,26.435379,0.04935834155972359
52 JERONIMO TREVINO,1,1,0,0,0,0,0,0.0,52.870758,31.1,0.0,26.435379,0.04935834155972359
JOSE FERNANDO ABASCAL Y SAUZA,2,2,0,0,0,0,0,0.0,52.870758,31.1,0.0,26.435379,0.09871668311944717
ESTORIL,2,2,0,0,0,0,0,0.0,52.870758,31.1,0.0,26.435379,0.09871668311944717
GABRIEL FERRER DE MENDIOLA,2,2,0,0,0,0,0,0.0,52.870758,31.1,0.0,26.435379,0.09871668311944717
JOAQUIN CLAUSELL,1,1,0,0,0,0,0,0.0,52.870758,31.1,0.0,26.435379,0.04935834155972359
CIRUJANOS,1,1,0,0,0,0,0,0.0,52.870758,31.1,0.0,26.435379,0.04935834155972359
JOSU MARQUEZ,1,1,0,0,0,0,0,0.0,52.870758,31.1,0.0,26.435379,0.04935834155972359
AV VALLARTA,1,1,0,0,0,0,0,0.0,52.870758,31.1,0.0,26.435379,0.04935834155972359
FRAY ANGULICO,1,1,0,0,0,0,0,0.0,52.870758,31.1,0.0,26.435379,0.04935834155972359
DEL EJURCITO,1,1,0,0,0,0,0,0.0,52.870758,31.1,0.0,26.435379,0.04935834155972359
CALZADA GONZALEZ GALLO,5,5,0,0,0,0,0,0.0,52.870758,31.1,0.0,26.435379,0.24679170779861795
AVENIDA LAZARO CARDENAS,2,2,0,0,0,0,0,0.0,52.870758,31.1,0.0,26.435379,0.09871668311944717
PERIFERICO SUR MANUEL GOMEZ MORIN,1,1,0,0,0,0,0,0.0,52.870758,31.1,0.0,26.435379,0.04935834155972359
RMICHEL,1,1,0,0,0,0,0,0.0,52.870758,31.1,0.0,26.435379,0.04935834155972359
AV MADERO,1,1,0,0,0,0,0,0.0,52.870758,31.1,0.0,26.435379,0.04935834155972359
ENRRIQUE DIAZ DE LEON,1,1,0,0,0,0,0,0.0,52.870758,31.1,0.0,26.435379,0.04935834155972359
AL CERRITO COLORADO,1,1,0,0,0,0,0,0.0,52.870758,31.1,0.0,26.435379,0.04935834155972359
NICOLAS LEANO,3,3,0,0,0,0,0,0.0,52.870758,31.1,0.0,26.435379,0.14807502467917077
JOSE MARIA HEREDIA,13,13,0,0,0,0,0,0.0,52.870758,31.1,0.0,26.435379,0.6416584402764067
CENTRAL DE FLETES INTERNACIONALES SA DE CV,1,1,0,0,0,0,0,0.0,52.870758,31.1,0.0,26.435379,0.04935834155972359
POLONIA,6,5,0,0,1,0,0,0.0,52.870758,31.1,0.0,26.435379,0.29615004935834155
LUIS PUREZ VERDIA,1,1,0,0,0,0,0,0.0,52.870758,31.1,0.0,26.435379,0.04935834155972359
CALZADA DE LAS AGUILAS,1,1,0,0,0,0,0,0.0,52.870758,31.1,0.0,26.435379,0.04935834155972359
MARABU,1,1,0,0,0,0,0,0.0,52.870758,31.1,0.0,26.435379,0.04935834155972359
L?ZARO C?RDENAS,1,1,0,0,0,0,0,0.0,52.870758,31.1,0.0,26.435379,0.04935834155972359
DOCTOR ROBERTO MICHELLE,1,1,0,0,0,0,0,0.0,52.870758,31.1,0.0,26.435379,0.04935834155972359
PASEO DEL NORTE,1,1,0,0,0,0,0,0.0,52.870758,31.1,0.0,26.435379,0.04935834155972359
ROYAL COUNTRY,1,1,0,0,0,0,0,0.0,52.870758,31.1,0.0,26.435379,0.04935834155972359
LIBULULA,1,1,0,0,0,0,0,0.0,52.870758,31.1,0.0,26.435379,0.04935834155972359
FEDERAL LIBRE 44 KILOMETRO 17 500,1,1,0,0,0,0,0,0.0,52.870758,31.1,0.0,26.435379,0.04935834155972359
SALVADOR QUEVEDO Y ZAVIETA,1,1,0,0,0,0,0,0.0,52.870758,31.1,0.0,26.435379,0.04935834155972359
GRANATE,3,3,0,0,0,0,0,0.0,52.870758,31.1,0.0,26.435379,0.14807502467917077
CARRETERA A LA CAPILLA KILOMETRO 1.5,1,1,0,0,0,0,0,0.0,52.870758,31.1,0.0,26.435379,0.04935834155972359
CESAR,5,4,0,0,1,0,0,0.0,52.870758,31.1,0.0,26.435379,0.24679170779861795
16 (LAURA MUNDEZ),1,1,0,0,0,0,0,0.0,52.870758,31.1,0.0,26.435379,0.04935834155972359
JOSU ALCALA,1,1,0,0,0,0,0,0.0,52.870758,31.1,0.0,26.435379,0.04935834155972359
PASEO DE LAS ARBOLEDA,1,1,0,0,0,0,0,0.0,52.870758,31.1,0.0,26.435379,0.04935834155972359
CANAS 2,1,1,0,0,0,0,0,0.0,52.870758,31.1,0.0,26.435379,0.04935834155972359
APOLONIO M. AVILUS,1,1,0,0,0,0,0,0.0,52.870758,31.1,0.0,26.435379,0.04935834155972359
C.GOYA,4,3,0,0,1,0,0,0.0,52.870758,31.1,0.0,26.435379,0.19743336623889435
LA LLAVE,1,1,0,0,0,0,0,0.0,52.870758,31.1,0.0,26.435379,0.04935834155972359
MA GPE MTZ DE HDEZ LOZA,1,1,0,0,0,0,0,0.0,52.870758,31.1,0.0,26.435379,0.04935834155972359
SAN ANDRES ESQUINA CHAMIZAL,1,1,0,0,0,0,0,0.0,52.870758,31.1,0.0,26.435379,0.04935834155972359
INDEPENDENCIA ORTE,1,1,0,0,0,0,0,0.0,52.870758,31.1,0.0,26.435379,0.04935834155972359
PUERTO SAN TELMO,3,2,0,0,1,0,0,0.0,52.870758,31.1,0.0,26.435379,0.14807502467917077
BARTOLOMU DE LAS CASAS,1,1,0,0,0,0,0,0.0,52.870758,31.1,0.0,26.435379,0.04935834155972359
10A,1,1,0,0,0,0,0,0.0,52.870758,31.1,0.0,26.435379,0.04935834155972359
2 CA AS,1,1,0,0,0,0,0,0.0,52.870758,31.1,0.0,26.435379,0.04935834155972359
PASEO ROYAL COUNTRY,1,1,0,0,0,0,0,0.0,52.870758,31.1,0.0,26.435379,0.04935834155972359
BOGOTA,22,20,0,1,1,0,0,0.0,52.870758,31.1,0.0,26.435379,1.085883514313919
EDUARDO RUIZ,4,4,0,0,0,0,0,0.0,52.870758,31.1,0.0,26.435379,0.19743336623889435
MITLA,10,9,0,0,0,1,0,0.0,52.870758,31.1,0.0,26.435379,0.4935834155972359
ARBOLEDA,1,1,0,0,0,0,0,0.0,52.870758,31.1,0.0,26.435379,0.04935834155972359
AV. 16 DE SEPTIEMBRE,1,1,0,0,0,0,0,0.0,52.870758,31.1,0.0,26.435379,0.04935834155972359
AV NINOS HEROES,1,1,0,0,0,0,0,0.0,52.870758,31.1,0.0,26.435379,0.04935834155972359
AV. RUBEN DARIO,1,1,0,0,0,0,0,0.0,52.870758,31.1,0.0,26.435379,0.04935834155972359
LORENZANA,2,2,0,0,0,0,0,0.0,52.870758,31.1,0.0,26.435379,0.09871668311944717
PERIFURICO NORTE MANUEL G MEZ MOR N,1,1,0,0,0,0,0,0.0,52.870758,31.1,0.0,26.435379,0.04935834155972359
MAR DEL SUR,7,7,0,0,0,0,0,0.0,52.870758,31.1,0.0,26.435379,0.3455083909180652
JUAN PALOMAR ARIAS (YAQUIS),1,1,0,0,0,0,0,0.0,52.870758,31.1,0.0,26.435379,0.04935834155972359
MAR ADRIATICO,1,1,0,0,0,0,0,0.0,52.870758,31.1,0.0,26.435379,0.04935834155972359
IGNACIO CARRILLO,4,4,0,0,0,0,0,0.0,52.870758,31.1,0.0,26.435379,0.19743336623889435
MAR MARMARA,24,24,0,0,0,0,0,0.0,52.870758,31.1,0.0,26.435379,1.1846001974333662
PASEO DE LAS ARBOLEDAS,1,1,0,0,0,0,0,0.0,52.870758,31.1,0.0,26.435379,0.04935834155972359
INDEPENDENCIA GUADALAJARA JALISCO,1,1,0,0,0,0,0,0.0,52.870758,31.1,0.0,26.435379,0.04935834155972359
LAS AMERICAS,6,6,0,0,0,0,0,0.0,52.870758,31.1,0.0,26.435379,0.29615004935834155
REYES HEROLES,1,1,0,0,0,0,0,0.0,52.870758,31.1,0.0,26.435379,0.04935834155972359
DIVISION,1,1,0,0,0,0,0,0.0,52.870758,31.1,0.0,26.435379,0.04935834155972359
OBLATOS 2305 LOC,1,1,0,0,0,0,0,0.0,52.870758,31.1,0.0,26.435379,0.04935834155972359
LAZARO CARDENAS 2305,1,1,0,0,0,0,0,0.0,52.870758,31.1,0.0,26.435379,0.04935834155972359
PLAZA INDEPENDENCIA NORTE 2013,1,1,0,0,0,0,0,0.0,52.870758,31.1,0.0,26.435379,0.04935834155972359
8 DE JULIO 2945,1,1,0,0,0,0,0,0.0,52.870758,31.1,0.0,26.435379,0.04935834155972359
ANDRES TERAN 602 Y 612,1,1,0,0,0,0,0,0.0,52.870758,31.1,0.0,26.435379,0.04935834155972359
MIGUEL LOPEZ DE LEGASPI,1,1,0,0,0,0,0,0.0,52.870758,31.1,0.0,26.435379,0.04935834155972359
PLAZA TAPATIA BLOQUE E 7 8 Y 9,1,1,0,0,0,0,0,0.0,52.870758,31.1,0.0,26.435379,0.04935834155972359
AMERICAS 918,1,1,0,0,0,0,0,0.0,52.870758,31.1,0.0,26.435379,0.04935834155972359
PASEO DE LA ARBOLEDA 1710 PB,1,1,0,0,0,0,0,0.0,52.870758,31.1,0.0,26.435379,0.04935834155972359
FIDEL VELAZQUEZ 1550 LOCAL 24,1,1,0,0,0,0,0,0.0,52.870758,31.1,0.0,26.435379,0.04935834155972359
PUERTOTO VALLARTA-BARRA DE NAVIDAD,1,1,0,0,0,0,0,0.0,52.870758,31.1,0.0,26.435379,0.04935834155972359
RIO NILO BOULEVARD MARCELINO GARCIA BARRAGAN,1,1,0,0,0,0,0,0.0,52.870758,31.1,0.0,26.435379,0.04935834155972359
PROL ALCALDE 1946,1,1,0,0,0,0,0,0.0,52.870758,31.1,0.0,26.435379,0.04935834155972359
8 DE JULIO 1800,1,1,0,0,0,0,0,0.0,52.870758,31.1,0.0,26.435379,0.04935834155972359
JUAREZ 237,1,1,0,0,0,0,0,0.0,52.870758,31.1,0.0,26.435379,0.04935834155972359
JUAN MONROY,1,1,0,0,0,0,0,0.0,52.870758,31.1,0.0,26.435379,0.04935834155972359
LUIS J JIMENEZ,1,1,0,0,0,0,0,0.0,52.870758,31.1,0.0,26.435379,0.04935834155972359
CORONEL,1,1,0,0,0,0,0,0.0,52.870758,31.1,0.0,26.435379,0.04935834155972359
DOCTOR R MICHEL,1,1,0,0,0,0,0,0.0,52.870758,31.1,0.0,26.435379,0.04935834155972359
INTERSECCION DE LA CARRETERA APODACA SANTA ROSA Y MEZ,1,1,0,0,0,0,0,0.0,52.870758,31.1,0.0,26.435379,0.04935834155972359
GLADIOLA SECTOR ROMA ENTRE CALLE RIO NILO Y TUBEROD,1,1,0,0,0,0,0,0.0,52.870758,31.1,0.0,26.435379,0.04935834155972359
SOMBRETE,1,1,0,0,0,0,0,0.0,52.870758,31.1,0.0,26.435379,0.04935834155972359
DEL COOPERATIVISMO NUM. 1,1,1,0,0,0,0,0,0.0,52.870758,31.1,0.0,26.435379,0.04935834155972359
COOPERATIVISMO NUM.,1,1,0,0,0,0,0,0.0,52.870758,31.1,0.0,26.435379,0.04935834155972359
A TAMPICO MATE,1,1,0,0,0,0,0,0.0,52.870758,31.1,0.0,26.435379,0.04935834155972359
GDL-CHAPALA 15500,1,1,0,0,0,0,0,0.0,52.870758,31.1,0.0,26.435379,0.04935834155972359
ANT. CARRETERA A CHAPALA,1,1,0,0,0,0,0,0.0,52.870758,31.1,0.0,26.435379,0.04935834155972359
AQUILES CALDERON MARCHENA,1,1,0,0,0,0,0,0.0,52.870758,31.1,0.0,26.435379,0.04935834155972359
LA PAZA KM.1,1,1,0,0,0,0,0,0.0,52.870758,31.1,0.0,26.435379,0.04935834155972359
GOB. CURIEL NUM. 99,1,1,0,0,0,0,0,0.0,52.870758,31.1,0.0,26.435379,0.04935834155972359
HIDALGO ORIENTE,1,1,0,0,0,0,0,0.0,52.870758,31.1,0.0,26.435379,0.04935834155972359
GOBERNADOR,1,1,0,0,0,0,0,0.0,52.870758,31.1,0.0,26.435379,0.04935834155972359
ISLOTE SAN JUAN DE ULUA,1,1,0,0,0,0,0,0.0,52.870758,31.1,0.0,26.435379,0.04935834155972359
AL SALTO,1,1,0,0,0,0,0,0.0,52.870758,31.1,0.0,26.435379,0.04935834155972359
MATAMOROS MAZATLAN BRECHA,1,1,0,0,0,0,0,0.0,52.870758,31.1,0.0,26.435379,0.04935834155972359
VIA MORELOS,1,1,0,0,0,0,0,0.0,52.870758,31.1,0.0,26.435379,0.04935834155972359
DE LA MISERICORDIA ENTRE RANCHO TOMELOPEZ,1,1,0,0,0,0,0,0.0,52.870758,31.1,0.0,26.435379,0.04935834155972359
AVE LAZARO CARDENAS,1,1,0,0,0,0,0,0.0,52.870758,31.1,0.0,26.435379,0.04935834155972359
AVE AMERICAS,2,2,0,0,0,0,0,0.0,52.870758,31.1,0.0,26.435379,0.09871668311944717
AVE AVILA CAMACHO,1,1,0,0,0,0,0,0.0,52.870758,31.1,0.0,26.435379,0.04935834155972359
AVE JUAREZ,1,1,0,0,0,0,0,0.0,52.870758,31.1,0.0,26.435379,0.04935834155972359
AVE LOPEZ MATEOS,1,1,0,0,0,0,0,0.0,52.870758,31.1,0.0,26.435379,0.04935834155972359
AVE VALLARTA,1,1,0,0,0,0,0,0.0,52.870758,31.1,0.0,26.435379,0.04935834155972359
AVE 8 DE JULIO,2,2,0,0,0,0,0,0.0,52.870758,31.1,0.0,26.435379,0.09871668311944717
AVE CHAPULTEPEC,1,1,0,0,0,0,0,0.0,52.870758,31.1,0.0,26.435379,0.04935834155972359
AV ANDRES TERAN,1,1,0,0,0,0,0,0.0,52.870758,31.1,0.0,26.435379,0.04935834155972359
AVE FELIPE ANGELES,1,1,0,0,0,0,0,0.0,52.870758,31.1,0.0,26.435379,0.04935834155972359
AVE GONZALEZ GALLO,1,1,0,0,0,0,0,0.0,52.870758,31.1,0.0,26.435379,0.04935834155972359
AVE PASEO DE LA ARBOLEDA,2,2,0,0,0,0,0,0.0,52.870758,31.1,0.0,26.435379,0.09871668311944717
CALZADA GOBERNADOR CURIEL,1,1,0,0,0,0,0,0.0,52.870758,31.1,0.0,26.435379,0.04935834155972359
AVE RIO NILO,1,1,0,0,0,0,0,0.0,52.870758,31.1,0.0,26.435379,0.04935834155972359
AVE ENRIQUE DIAZ DE LEON,1,1,0,0,0,0,0,0.0,52.870758,31.1,0.0,26.435379,0.04935834155972359
AVE CIRCUNVALACION DIVISION DEL NOR,1,1,0,0,0,0,0,0.0,52.870758,31.1,0.0,26.435379,0.04935834155972359
AVE CIRCUNVALACION OBLATOS,1,1,0,0,0,0,0,0.0,52.870758,31.1,0.0,26.435379,0.04935834155972359
AVE FIDEL VELAZQUEZ,1,1,0,0,0,0,0,0.0,52.870758,31.1,0.0,26.435379,0.04935834155972359
AVE COLON,1,1,0,0,0,0,0,0.0,52.870758,31.1,0.0,26.435379,0.04935834155972359
PLAZA INDEPENDENCIA NORTE,1,1,0,0,0,0,0,0.0,52.870758,31.1,0.0,26.435379,0.04935834155972359
AVE HOMERO,1,1,0,0,0,0,0,0.0,52.870758,31.1,0.0,26.435379,0.04935834155972359
AVE REVOLUCION,1,1,0,0,0,0,0,0.0,52.870758,31.1,0.0,26.435379,0.04935834155972359
AVE ARTESANOS,1,1,0,0,0,0,0,0.0,52.870758,31.1,0.0,26.435379,0.04935834155972359
AV HGO,1,1,0,0,0,0,0,0.0,52.870758,31.1,0.0,26.435379,0.04935834155972359
AVE ALCALDE,1,1,0,0,0,0,0,0.0,52.870758,31.1,0.0,26.435379,0.04935834155972359
CALLE 7,1,1,0,0,0,0,0,0.0,52.870758,31.1,0.0,26.435379,0.04935834155972359
PROL ALCALDE,1,1,0,0,0,0,0,0.0,52.870758,31.1,0.0,26.435379,0.04935834155972359
AV RUBEN DARIO,1,1,0,0,0,0,0,0.0,52.870758,31.1,0.0,26.435379,0.04935834155972359
AV RAMON CORONA,1,1,0,0,0,0,0,0.0,52.870758,31.1,0.0,26.435379,0.04935834155972359
LONGINO CADENA,1,1,0,0,0,0,0,0.0,52.870758,31.1,0.0,26.435379,0.04935834155972359
CALZADA INDEPENDENCIA NTE,1,1,0,0,0,0,0,0.0,52.870758,31.1,0.0,26.435379,0.04935834155972359
AV GOBERNADOR CURIEL,1,1,0,0,0,0,0,0.0,52.870758,31.1,0.0,26.435379,0.04935834155972359
AV PLUTARCO ELIAS CALLES,1,1,0,0,0,0,0,0.0,52.870758,31.1,0.0,26.435379,0.04935834155972359
AV PRESA EL LAUREL,1,1,0,0,0,0,0,0.0,52.870758,31.1,0.0,26.435379,0.04935834155972359
LAZARO CARDENAS DEL RIO PONIENTE,1,1,0,0,0,0,0,0.0,52.870758,31.1,0.0,26.435379,0.04935834155972359
AV. ARBOLEDAS,1,1,0,0,0,0,0,0.0,52.870758,31.1,0.0,26.435379,0.04935834155972359
AV. REVOLUCION,1,1,0,0,0,0,0,0.0,52.870758,31.1,0.0,26.435379,0.04935834155972359
CALLE ANGULO,1,1,0,0,0,0,0,0.0,52.870758,31.1,0.0,26.435379,0.04935834155972359
AV. VALLARTA,1,1,0,0,0,0,0,0.0,52.870758,31.1,0.0,26.435379,0.04935834155972359
BELISARIO DOMINGEZ,1,1,0,0,0,0,0,0.0,52.870758,31.1,0.0,26.435379,0.04935834155972359
AV. JAVIER MINA,1,1,0,0,0,0,0,0.0,52.870758,31.1,0.0,26.435379,0.04935834155972359
AV. MEXICO,1,1,0,0,0,0,0,0.0,52.870758,31.1,0.0,26.435379,0.04935834155972359
AV. CHAPULTEPEC,2,2,0,0,0,0,0,0.0,52.870758,31.1,0.0,26.435379,0.09871668311944717
CENTRO COMERCIAL ATEMAJAC,1,1,0,0,0,0,0,0.0,52.870758,31.1,0.0,26.435379,0.04935834155972359
FRANCISCO QUEVEDO,1,1,0,0,0,0,0,0.0,52.870758,31.1,0.0,26.435379,0.04935834155972359
AV. 8 DE JULIO,3,3,0,0,0,0,0,0.0,52.870758,31.1,0.0,26.435379,0.14807502467917077
CALZ. MANUEL AVILA CAMACHO,1,1,0,0,0,0,0,0.0,52.870758,31.1,0.0,26.435379,0.04935834155972359
AV. CIRCUNVALACION,1,1,0,0,0,0,0,0.0,52.870758,31.1,0.0,26.435379,0.04935834155972359
SEBASTIAN ALLENDE (CALLE 58),1,1,0,0,0,0,0,0.0,52.870758,31.1,0.0,26.435379,0.04935834155972359
AV. CRUZ DEL SUR,1,1,0,0,0,0,0,0.0,52.870758,31.1,0.0,26.435379,0.04935834155972359
AV. TERRANOVA,2,2,0,0,0,0,0,0.0,52.870758,31.1,0.0,26.435379,0.09871668311944717
AV. LA PAZ,1,1,0,0,0,0,0,0.0,52.870758,31.1,0.0,26.435379,0.04935834155972359
MARIA C. BANCALARIS,1,1,0,0,0,0,0,0.0,52.870758,31.1,0.0,26.435379,0.04935834155972359
GRAL. MARCELINO GARCIA BARRAGAN,1,1,0,0,0,0,0,0.0,52.870758,31.1,0.0,26.435379,0.04935834155972359
,2,2,0,0,0,0,0,0.0,52.870758,31.1,0.0,26.435379,0.09871668311944717
INDEPENDENCIA.,1,1,0,0,0,0,0,0.0,52.870758,31.1,0.0,26.435379,0.04935834155972359
PRESA TINTERO,1,1,0,0,0,0,0,0.0,52.870758,31.1,0.0,26.435379,0.04935834155972359
ANACLETO GONZALEZ FLORES,1,1,0,0,0,0,0,0.0,52.870758,31.1,0.0,26.435379,0.04935834155972359
HEBERTO CASTILLO,1,1,0,0,0,0,0,0.0,52.870758,31.1,0.0,26.435379,0.04935834155972359
BLVRD GARCIA BARRAGAN,1,1,0,0,0,0,0,0.0,52.870758,31.1,0.0,26.435379,0.04935834155972359
DR. ROBERTO MICHEL,1,1,0,0,0,0,0,0.0,52.870758,31.1,0.0,26.435379,0.04935834155972359
CORONA,1,1,0,0,0,0,0,0.0,52.870758,31.1,0.0,26.435379,0.04935834155972359
CHAPULTEPEC NTE,2,2,0,0,0,0,0,0.0,52.870758,31.1,0.0,26.435379,0.09871668311944717
JUAN PALOMAR I ARIAS,1,1,0,0,0,0,0,0.0,52.870758,31.1,0.0,26.435379,0.04935834155972359
ESTACION TETLAN L??NEA II SN SN,1,1,0,0,0,0,0,0.0,52.870758,31.1,0.0,26.435379,0.04935834155972359
GUADALAJARAEL SALTO KM,1,1,0,0,0,0,0,0.0,52.870758,31.1,0.0,26.435379,0.04935834155972359
GOBERNADO CURIEL,1,1,0,0,0,0,0,0.0,52.870758,31.1,0.0,26.435379,0.04935834155972359
C DR BAEZA ALZAGA,1,1,0,0,0,0,0,0.0,52.870758,31.1,0.0,26.435379,0.04935834155972359
NORTE,3,3,0,0,0,0,0,0.0,52.870758,31.1,0.0,26.435379,0.14807502467917077
ESTACION TETLAN L??NEA II,1,1,0,0,0,0,0,0.0,52.870758,31.1,0.0,26.435379,0.04935834155972359
ESTACION AVILA CAMACHO L??NEA I,1,1,0,0,0,0,0,0.0,52.870758,31.1,0.0,26.435379,0.04935834155972359
"MORELOS, ENTRE GALEANA Y OCAMPO",1,1,0,0,0,0,0,0.0,52.870758,31.1,0.0,26.435379,0.04935834155972359
"RIO NILO , ESQ. BERNAL DIAZ DEL CASTILLO",1,1,0,0,0,0,0,0.0,52.870758,31.1,0.0,26.435379,0.04935834155972359
"8 DE JULIO ESQ. LAZARO CARDENAS, PLAZA LAS TORRES, LOCAL 3, ZONA",1,1,0,0,0,0,0,0.0,52.870758,31.1,0.0,26.435379,0.04935834155972359
"JUAN PALOMAR I. ARIAS , ESQ. NICOLAS ROMERO",1,1,0,0,0,0,0,0.0,52.870758,31.1,0.0,26.435379,0.04935834155972359
"RIO NILO Y PATRIA, CENTRO COMERCIAL SORIANA",1,1,0,0,0,0,0,0.0,52.870758,31.1,0.0,26.435379,0.04935834155972359
LAS AMERICAS ESQ. JOSE MARIA VIGIL,1,1,0,0,0,0,0,0.0,52.870758,31.1,0.0,26.435379,0.04935834155972359
ESTACION SAN JUAN DE DIOS LINEA II,1,1,0,0,0,0,0,0.0,52.870758,31.1,0.0,26.435379,0.04935834155972359
FEDERALISMO SUR,2,2,0,0,0,0,0,0.0,52.870758,31.1,0.0,26.435379,0.09871668311944717
ISLA BANKS 4090,1,1,0,0,0,0,0,0.0,52.870758,31.1,0.0,26.435379,0.04935834155972359
RUEB DARIO,1,1,0,0,0,0,0,0.0,52.870758,31.1,0.0,26.435379,0.04935834155972359
CALLE PEDRO ANTONIO BUZETA,1,1,0,0,0,0,0,0.0,52.870758,31.1,0.0,26.435379,0.04935834155972359
TONALA,1,1,0,0,0,0,0,0.0,52.870758,31.1,0.0,26.435379,0.04935834155972359
GOBERNADOR CURIEL NO 3000,1,1,0,0,0,0,0,0.0,52.870758,31.1,0.0,26.435379,0.04935834155972359
GIGANTES NO 3541,1,1,0,0,0,0,0,0.0,52.870758,31.1,0.0,26.435379,0.04935834155972359
PROLONGACION ENRIQUE DIAZ DE LEON NO 2273 LOCS 8 Y 9,1,1,0,0,0,0,0,0.0,52.870758,31.1,0.0,26.435379,0.04935834155972359
ALCALDE NO 1960,1,1,0,0,0,0,0,0.0,52.870758,31.1,0.0,26.435379,0.04935834155972359
LAZARO CARDENAS NO 749,1,1,0,0,0,0,0,0.0,52.870758,31.1,0.0,26.435379,0.04935834155972359
FIDEL VELAZQUEZ NO 820,1,1,0,0,0,0,0,0.0,52.870758,31.1,0.0,26.435379,0.04935834155972359
8 DE JULIO NO 2745,1,1,0,0,0,0,0,0.0,52.870758,31.1,0.0,26.435379,0.04935834155972359
REPUBLICA S NLOCS 33 Y 34 BLOCK F,1,1,0,0,0,0,0,0.0,52.870758,31.1,0.0,26.435379,0.04935834155972359
2700 LOCAL DEL 13 AL 17,1,1,0,0,0,0,0,0.0,52.870758,31.1,0.0,26.435379,0.04935834155972359
LAZARO CARDENAS S B LOC 201 AL 204 ZONA G,1,1,0,0,0,0,0,0.0,52.870758,31.1,0.0,26.435379,0.04935834155972359
ESTACION SAN JUAN DE DIOS SN,1,1,0,0,0,0,0,0.0,52.870758,31.1,0.0,26.435379,0.04935834155972359
MEZQUITAN NO 2563 LOC 28,1,1,0,0,0,0,0,0.0,52.870758,31.1,0.0,26.435379,0.04935834155972359
MAR CARIBE 260,1,1,0,0,0,0,0,0.0,52.870758,31.1,0.0,26.435379,0.04935834155972359
RAMON LOPEZ VELARDE 821,1,1,0,0,0,0,0,0.0,52.870758,31.1,0.0,26.435379,0.04935834155972359
GOBERNADOR LUIS G CURIEL 3814,1,1,0,0,0,0,0,0.0,52.870758,31.1,0.0,26.435379,0.04935834155972359
5 DE FEBRERO NO 555,1,1,0,0,0,0,0,0.0,52.870758,31.1,0.0,26.435379,0.04935834155972359
CORONA NO 140,1,1,0,0,0,0,0,0.0,52.870758,31.1,0.0,26.435379,0.04935834155972359
ACUEDUCTO NO 2000,1,1,0,0,0,0,0,0.0,52.870758,31.1,0.0,26.435379,0.04935834155972359
BELIZARIO DOMINGUEZ 1000 I,1,1,0,0,0,0,0,0.0,52.870758,31.1,0.0,26.435379,0.04935834155972359
PLAZA ATEMAJAC SN,1,1,0,0,0,0,0,0.0,52.870758,31.1,0.0,26.435379,0.04935834155972359
BELISARIO DOMINGUEZ 1651,1,1,0,0,0,0,0,0.0,52.870758,31.1,0.0,26.435379,0.04935834155972359
LAZARO CARDENAS 2063,1,1,0,0,0,0,0,0.0,52.870758,31.1,0.0,26.435379,0.04935834155972359
CHAPULTEPEC 613,1,1,0,0,0,0,0,0.0,52.870758,31.1,0.0,26.435379,0.04935834155972359
JUAN CA 926,1,1,0,0,0,0,0,0.0,52.870758,31.1,0.0,26.435379,0.04935834155972359
ESTACION TETLAN COL AGUSTIN Y,1,1,0,0,0,0,0,0.0,52.870758,31.1,0.0,26.435379,0.04935834155972359
PASEO DEL ZOOLOGICO 600,1,1,0,0,0,0,0,0.0,52.870758,31.1,0.0,26.435379,0.04935834155972359
GOBERNADOR CURIEL 4832,1,1,0,0,0,0,0,0.0,52.870758,31.1,0.0,26.435379,0.04935834155972359
MARIA AZUELA 25,1,1,0,0,0,0,0,0.0,52.870758,31.1,0.0,26.435379,0.04935834155972359
MARCELI BARRAGAN 1603,1,1,0,0,0,0,0,0.0,52.870758,31.1,0.0,26.435379,0.04935834155972359
MARCELI GARCIA BARRAGAN 2077,1,1,0,0,0,0,0,0.0,52.870758,31.1,0.0,26.435379,0.04935834155972359
8 DE JULIO 2714 ENTRE CALLE 3 Y CALLE 5,1,1,0,0,0,0,0,0.0,52.870758,31.1,0.0,26.435379,0.04935834155972359
REVOLUCION NUM 2735 REFORMA,1,1,0,0,0,0,0,0.0,52.870758,31.1,0.0,26.435379,0.04935834155972359
MOCTEZUMA 2300,1,1,0,0,0,0,0,0.0,52.870758,31.1,0.0,26.435379,0.04935834155972359
ENTRE FEDERALISMO JUAREZ,1,1,0,0,0,0,0,0.0,52.870758,31.1,0.0,26.435379,0.04935834155972359
CENTRO MEDICO INDEPENDENCIA,1,1,0,0,0,0,0,0.0,52.870758,31.1,0.0,26.435379,0.04935834155972359
PLAZA REVOLUCION LOCAL 20 ZONA B,1,1,0,0,0,0,0,0.0,52.870758,31.1,0.0,26.435379,0.04935834155972359
AVENIDA 16 DE SEPTIEMBRE,2,2,0,0,0,0,0,0.0,52.870758,31.1,0.0,26.435379,0.09871668311944717
AVENIDA ACUEDUCTO NO,1,1,0,0,0,0,0,0.0,52.870758,31.1,0.0,26.435379,0.04935834155972359
AVENIDA AMERICAS,1,1,0,0,0,0,0,0.0,52.870758,31.1,0.0,26.435379,0.04935834155972359
PROLONGACION AVENIDA AMERICAS,1,1,0,0,0,0,0,0.0,52.870758,31.1,0.0,26.435379,0.04935834155972359
INDEPENDENCIA SUR NO,1,1,0,0,0,0,0,0.0,52.870758,31.1,0.0,26.435379,0.04935834155972359
AVENIDA VALLARTA,1,1,0,0,0,0,0,0.0,52.870758,31.1,0.0,26.435379,0.04935834155972359
CALZADA 5 DE FEBRERO,1,1,0,0,0,0,0,0.0,52.870758,31.1,0.0,26.435379,0.04935834155972359
AVENIDA CIRCUNVALACION OBLATOS,2,1,0,0,0,1,0,0.0,52.870758,31.1,0.0,26.435379,0.09871668311944717
AVENIDA ENRIQUE DIAZ DE LEON,2,2,0,0,0,0,0,0.0,52.870758,31.1,0.0,26.435379,0.09871668311944717
AVENIDA FIDEL VELAZQUEZ,1,1,0,0,0,0,0,0.0,52.870758,31.1,0.0,26.435379,0.04935834155972359
AVENIDA MANUEL AVILA CAMACHO,1,1,0,0,0,0,0,0.0,52.870758,31.1,0.0,26.435379,0.04935834155972359
AVENIDA LAZARO CARDENAS ZONA G,1,1,0,0,0,0,0,0.0,52.870758,31.1,0.0,26.435379,0.04935834155972359
AVENIDA NANCE,1,1,0,0,0,0,0,0.0,52.870758,31.1,0.0,26.435379,0.04935834155972359
AVENIDA COLON,2,2,0,0,0,0,0,0.0,52.870758,31.1,0.0,26.435379,0.09871668311944717
GOBERNADOR CURIEL NO,1,1,0,0,0,0,0,0.0,52.870758,31.1,0.0,26.435379,0.04935834155972359
AVENIDA ARBOLEDAS,1,1,0,0,0,0,0,0.0,52.870758,31.1,0.0,26.435379,0.04935834155972359
AVENIDA 8 DE JULIO ZONA B,1,1,0,0,0,0,0,0.0,52.870758,31.1,0.0,26.435379,0.04935834155972359
"ENRIQUE DIAZ DE LEON ZONA ""A""",1,1,0,0,0,0,0,0.0,52.870758,31.1,0.0,26.435379,0.04935834155972359
AVENIDA 8 DE JULIO N,1,1,0,0,0,0,0,0.0,52.870758,31.1,0.0,26.435379,0.04935834155972359
AVENIDA JAVIER MINA,1,1,0,0,0,0,0,0.0,52.870758,31.1,0.0,26.435379,0.04935834155972359
AVENIDA NINOS HEROES,1,1,0,0,0,0,0,0.0,52.870758,31.1,0.0,26.435379,0.04935834155972359
AVENIDA PLAN DE SAN LUIS,1,1,0,0,0,0,0,0.0,52.870758,31.1,0.0,26.435379,0.04935834155972359
AVENIDA PROLONGACION ENRIQUE DIAZ DE LEON,1,1,0,0,0,0,0,0.0,52.870758,31.1,0.0,26.435379,0.04935834155972359
AVENIDA CORONA,1,1,0,0,0,0,0,0.0,52.870758,31.1,0.0,26.435379,0.04935834155972359
AVENIDA PABLO NERUDA,1,1,0,0,0,0,0,0.0,52.870758,31.1,0.0,26.435379,0.04935834155972359
AVENIDA PROVIDENCIA,2,2,0,0,0,0,0,0.0,52.870758,31.1,0.0,26.435379,0.09871668311944717
HACIENDA SANTIAGO NO,1,1,0,0,0,0,0,0.0,52.870758,31.1,0.0,26.435379,0.04935834155972359
AVENIDA ALCALDE,1,1,0,0,0,0,0,0.0,52.870758,31.1,0.0,26.435379,0.04935834155972359
32 CARLOS REYES AVILES,1,1,0,0,0,0,0,0.0,52.870758,31.1,0.0,26.435379,0.04935834155972359
CIRC. SAN JACINTO,1,1,0,0,0,0,0,0.0,52.870758,31.1,0.0,26.435379,0.04935834155972359
AUTLAN,7,7,0,0,0,0,0,0.0,52.870758,31.1,0.0,26.435379,0.3455083909180652
JUAQUIN AMARO,1,1,0,0,0,0,0,0.0,52.870758,31.1,0.0,26.435379,0.04935834155972359
ISLA SOTAVENTO,2,2,0,0,0,0,0,0.0,52.870758,31.1,0.0,26.435379,0.09871668311944717
HACIENDAS DEL JARDIN,1,1,0,0,0,0,0,0.0,52.870758,31.1,0.0,26.435379,0.04935834155972359
SORGO,3,3,0,0,0,0,0,0.0,52.870758,31.1,0.0,26.435379,0.14807502467917077
CAMINO VIEJO,3,3,0,0,0,0,0,0.0,52.870758,31.1,0.0,26.435379,0.14807502467917077
LA VILLITA,3,3,0,0,0,0,0,0.0,52.870758,31.1,0.0,26.435379,0.14807502467917077
DOCTOR BAEZA ALZAGA,3,3,0,0,0,0,0,0.0,52.870758,31.1,0.0,26.435379,0.14807502467917077
ORIENTE 1,1,1,0,0,0,0,0,0.0,52.870758,31.1,0.0,26.435379,0.04935834155972359
APIS,2,1,0,0,1,0,0,0.0,52.870758,31.1,0.0,26.435379,0.09871668311944717
IGNACIO AGUIRRE,2,2,0,0,0,0,0,0.0,52.870758,31.1,0.0,26.435379,0.09871668311944717
ALEJANDRO,8,8,0,0,0,0,0,0.0,52.870758,31.1,0.0,26.435379,0.3948667324777887
SAN MARTIN DE PORRES,2,2,0,0,0,0,0,0.0,52.870758,31.1,0.0,26.435379,0.09871668311944717
PASEO DE LAS PENAS,2,2,0,0,0,0,0,0.0,52.870758,31.1,0.0,26.435379,0.09871668311944717
HUICHOLES,5,4,0,0,1,0,0,0.0,52.870758,31.1,0.0,26.435379,0.24679170779861795
FRAY ANTONIO ALCALDE Y BARRIGA,1,1,0,0,0,0,0,0.0,52.870758,31.1,0.0,26.435379,0.04935834155972359
DE LOS RIELES,1,1,0,0,0,0,0,0.0,52.870758,31.1,0.0,26.435379,0.04935834155972359
CALLE 6,1,1,0,0,0,0,0,0.0,52.870758,31.1,0.0,26.435379,0.04935834155972359
FEDERALISMO NTE,1,1,0,0,0,0,0,0.0,52.870758,31.1,0.0,26.435379,0.04935834155972359
PASE DE LA ARBOLEDA,1,1,0,0,0,0,0,0.0,52.870758,31.1,0.0,26.435379,0.04935834155972359
CALLE INDUSTRIAS,1,1,0,0,0,0,0,0.0,52.870758,31.1,0.0,26.435379,0.04935834155972359
AGUST-N DE LA ROSA,1,1,0,0,0,0,0,0.0,52.870758,31.1,0.0,26.435379,0.04935834155972359
PRESA DEL LAUREL,1,1,0,0,0,0,0,0.0,52.870758,31.1,0.0,26.435379,0.04935834155972359
CALZ INDEPENDENCIA NTE,1,1,0,0,0,0,0,0.0,52.870758,31.1,0.0,26.435379,0.04935834155972359
16 DE SEPTIEMBRE SECTOR LIBERTAD,1,1,0,0,0,0,0,0.0,52.870758,31.1,0.0,26.435379,0.04935834155972359
COLON BLOQUE C.,1,1,0,0,0,0,0,0.0,52.870758,31.1,0.0,26.435379,0.04935834155972359
WASHINTON,1,1,0,0,0,0,0,0.0,52.870758,31.1,0.0,26.435379,0.04935834155972359
ENRIQUE DIAZ DE LEON ESQ. JUAN MANUEL,1,1,0,0,0,0,0,0.0,52.870758,31.1,0.0,26.435379,0.04935834155972359
CALZ. INDEPENDENCIA NORTE,1,1,0,0,0,0,0,0.0,52.870758,31.1,0.0,26.435379,0.04935834155972359
FEDERALISMO Y AVILA CAMACHO,1,1,0,0,0,0,0,0.0,52.870758,31.1,0.0,26.435379,0.04935834155972359
CALZ. DE EJERCITO,1,1,0,0,0,0,0,0.0,52.870758,31.1,0.0,26.435379,0.04935834155972359
"16 DE SEPTIEMBRE, SECTOR JUAREZ",1,1,0,0,0,0,0,0.0,52.870758,31.1,0.0,26.435379,0.04935834155972359
COLON BLOQUE,1,1,0,0,0,0,0,0.0,52.870758,31.1,0.0,26.435379,0.04935834155972359
LAZARO CARDENAS (PLAZA LAS TORRES),1,1,0,0,0,0,0,0.0,52.870758,31.1,0.0,26.435379,0.04935834155972359
"ARBOLEDAS C. COM. FIESTA ARBOLEDAS,",1,1,0,0,0,0,0,0.0,52.870758,31.1,0.0,26.435379,0.04935834155972359
AV. ALCALDE,1,1,0,0,0,0,0,0.0,52.870758,31.1,0.0,26.435379,0.04935834155972359
CALLE 14,1,1,0,0,0,0,0,0.0,52.870758,31.1,0.0,26.435379,0.04935834155972359
FRANCISCO UGARTE,8,8,0,0,0,0,0,0.0,52.870758,31.1,0.0,26.435379,0.3948667324777887
RAMAL DEL FERROCARRIL,2,2,0,0,0,0,0,0.0,52.870758,31.1,0.0,26.435379,0.09871668311944717
DR ATL,1,1,0,0,0,0,0,0.0,52.870758,31.1,0.0,26.435379,0.04935834155972359
CA_LLE 179 MORELOS DEJAR DEGOLLADO,1,1,0,0,0,0,0,0.0,52.870758,31.1,0.0,26.435379,0.04935834155972359
HOSPITAL 278,2,2,0,0,0,0,0,0.0,52.870758,31.1,0.0,26.435379,0.09871668311944717
RIO NILO SN ACADEMIA DE POLICIAS,1,1,0,0,0,0,0,0.0,52.870758,31.1,0.0,26.435379,0.04935834155972359
ALCALDE EDIFICIO C,1,1,0,0,0,0,0,0.0,52.870758,31.1,0.0,26.435379,0.04935834155972359
SEBASTIAN A_LLENDE CA_LLE 58,1,1,0,0,0,0,0,0.0,52.870758,31.1,0.0,26.435379,0.04935834155972359
EJERCITO,1,1,0,0,0,0,0,0.0,52.870758,31.1,0.0,26.435379,0.04935834155972359
DIVISION DEL NTE,1,1,0,0,0,0,0,0.0,52.870758,31.1,0.0,26.435379,0.04935834155972359
GOLFO DE CORTES,2,2,0,0,0,0,0,0.0,52.870758,31.1,0.0,26.435379,0.09871668311944717
MADERO PTE,1,1,0,0,0,0,0,0.0,52.870758,31.1,0.0,26.435379,0.04935834155972359
PERIFERICO DE LA JUVENTUD,1,1,0,0,0,0,0,0.0,52.870758,31.1,0.0,26.435379,0.04935834155972359
CIRCUNVALACION DIVISION DEL NTE,1,1,0,0,0,0,0,0.0,52.870758,31.1,0.0,26.435379,0.04935834155972359
"AV. PATRIA 2085, SUITE 103",1,1,0,0,0,0,0,0.0,52.870758,31.1,0.0,26.435379,0.04935834155972359
CIGARRA,1,1,0,0,0,0,0,0.0,52.870758,31.1,0.0,26.435379,0.04935834155972359
HIPODROMO,1,1,0,0,0,0,0,0.0,52.870758,31.1,0.0,26.435379,0.04935834155972359
VOLCAN TUXTLA,4,4,0,0,0,0,0,0.0,52.870758,31.1,0.0,26.435379,0.19743336623889435
34 MIGUEL OROZCO CAMACHO,2,2,0,0,0,0,0,0.0,52.870758,31.1,0.0,26.435379,0.09871668311944717
MAR TIRRENO,4,4,0,0,0,0,0,0.0,52.870758,31.1,0.0,26.435379,0.19743336623889435
PARANA,1,1,0,0,0,0,0,0.0,52.870758,31.1,0.0,26.435379,0.04935834155972359
BELISARIO BECERRA,1,1,0,0,0,0,0,0.0,52.870758,31.1,0.0,26.435379,0.04935834155972359
ISLA LESNOS,1,1,0,0,0,0,0,0.0,52.870758,31.1,0.0,26.435379,0.04935834155972359
SATELITE,3,3,0,0,0,0,0,0.0,52.870758,31.1,0.0,26.435379,0.14807502467917077
HACIENDA CHAPINGO,3,3,0,0,0,0,0,0.0,52.870758,31.1,0.0,26.435379,0.14807502467917077
EMPRESARIOS,2,2,0,0,0,0,0,0.0,52.870758,31.1,0.0,26.435379,0.09871668311944717
LA VILLA,3,3,0,0,0,0,0,0.0,52.870758,31.1,0.0,26.435379,0.14807502467917077
ISLA MARIA CLEOFAS,2,2,0,0,0,0,0,0.0,52.870758,31.1,0.0,26.435379,0.09871668311944717
CARACOL,4,4,0,0,0,0,0,0.0,52.870758,31.1,0.0,26.435379,0.19743336623889435
GRAN DUQUE,2,2,0,0,0,0,0,0.0,52.870758,31.1,0.0,26.435379,0.09871668311944717
ORIZABA,1,1,0,0,0,0,0,0.0,52.870758,31.1,0.0,26.435379,0.04935834155972359
SAMUEL NAVARRO,1,1,0,0,0,0,0,0.0,52.870758,31.1,0.0,26.435379,0.04935834155972359
ANTONIO JIMENEZ,2,2,0,0,0,0,0,0.0,52.870758,31.1,0.0,26.435379,0.09871668311944717
GILBERTO RUVALCABA,4,3,0,0,1,0,0,0.0,52.870758,31.1,0.0,26.435379,0.19743336623889435
SANTA IRENE,6,4,0,1,1,0,0,0.0,52.870758,31.1,0.0,26.435379,0.29615004935834155
PASEO DE LAS CARMELITAS NORTE,1,1,0,0,0,0,0,0.0,52.870758,31.1,0.0,26.435379,0.04935834155972359
SAN BASILIO,6,6,0,0,0,0,0,0.0,52.870758,31.1,0.0,26.435379,0.29615004935834155
ARTURO BERNAL,1,1,0,0,0,0,0,0.0,52.870758,31.1,0.0,26.435379,0.04935834155972359
VOLCAN TRIDENT,1,1,0,0,0,0,0,0.0,52.870758,31.1,0.0,26.435379,0.04935834155972359
SOSTENES ROCHA,1,1,0,0,0,0,0,0.0,52.870758,31.1,0.0,26.435379,0.04935834155972359
ENTRE RIOS,2,2,0,0,0,0,0,0.0,52.870758,31.1,0.0,26.435379,0.09871668311944717
ERATO,2,1,0,0,0,1,0,0.0,52.870758,31.1,0.0,26.435379,0.09871668311944717
JUAN BAUTISTA,1,1,0,0,0,0,0,0.0,52.870758,31.1,0.0,26.435379,0.04935834155972359
PARA,1,1,0,0,0,0,0,0.0,52.870758,31.1,0.0,26.435379,0.04935834155972359
AVENIDA LA PAZ,4,4,0,0,0,0,0,0.0,52.870758,31.1,0.0,26.435379,0.19743336623889435
LUGARDA MORFIN,1,1,0,0,0,0,0,0.0,52.870758,31.1,0.0,26.435379,0.04935834155972359
VICTORIA,23,23,0,0,0,0,0,0.0,52.870758,31.1,0.0,26.435379,1.1352418558736426
MAR DE BERING,5,5,0,0,0,0,0,0.0,52.870758,31.1,0.0,26.435379,0.24679170779861795
FEDERALISMO NORTE,2,2,0,0,0,0,0,0.0,52.870758,31.1,0.0,26.435379,0.09871668311944717
BOLONIA,5,4,0,0,1,0,0,0.0,52.870758,31.1,0.0,26.435379,0.24679170779861795
AV. LA PAZ NO. 2572,1,1,0,0,0,0,0,0.0,52.870758,31.1,0.0,26.435379,0.04935834155972359
RINCONADA DEL FUEGO,1,1,0,0,0,0,0,0.0,52.870758,31.1,0.0,26.435379,0.04935834155972359
CALLE 2,2,2,0,0,0,0,0,0.0,52.870758,31.1,0.0,26.435379,0.09871668311944717
AURELIO L GALLARDO,5,5,0,0,0,0,0,0.0,52.870758,31.1,0.0,26.435379,0.24679170779861795
FERNANDO DE ALBA,4,4,0,0,0,0,0,0.0,52.870758,31.1,0.0,26.435379,0.19743336623889435
TEQUILA,1,1,0,0,0,0,0,0.0,52.870758,31.1,0.0,26.435379,0.04935834155972359
ABRAHAM LINCOLN,1,1,0,0,0,0,0,0.0,52.870758,31.1,0.0,26.435379,0.04935834155972359
MIGUEL ANGEL DE QUEVEDO,8,7,0,0,0,1,0,0.0,52.870758,31.1,0.0,26.435379,0.3948667324777887
LUCIO GUTIERREZ,1,1,0,0,0,0,0,0.0,52.870758,31.1,0.0,26.435379,0.04935834155972359
BRUNO MORENO,1,1,0,0,0,0,0,0.0,52.870758,31.1,0.0,26.435379,0.04935834155972359
JOSE MANZANO,3,3,0,0,0,0,0,0.0,52.870758,31.1,0.0,26.435379,0.14807502467917077
ERMITA,3,2,0,0,1,0,0,0.0,52.870758,31.1,0.0,26.435379,0.14807502467917077
MANUEL VILA CAMACHO,1,1,0,0,0,0,0,0.0,52.870758,31.1,0.0,26.435379,0.04935834155972359
PRADO,4,3,0,0,1,0,0,0.0,52.870758,31.1,0.0,26.435379,0.19743336623889435
A.GRECO,3,3,0,0,0,0,0,0.0,52.870758,31.1,0.0,26.435379,0.14807502467917077
FRANCISCO MARTIN DEL CAMPO,2,2,0,0,0,0,0,0.0,52.870758,31.1,0.0,26.435379,0.09871668311944717
MANUEL CABALLERO,5,4,0,0,1,0,0,0.0,52.870758,31.1,0.0,26.435379,0.24679170779861795
ISLA RODAS,1,1,0,0,0,0,0,0.0,52.870758,31.1,0.0,26.435379,0.04935834155972359
GARIBALDI 1740 Y 1747,1,1,0,0,0,0,0,0.0,52.870758,31.1,0.0,26.435379,0.04935834155972359
YUKON,2,2,0,0,0,0,0,0.0,52.870758,31.1,0.0,26.435379,0.09871668311944717
LA PRESA,8,7,0,0,1,0,0,0.0,52.870758,31.1,0.0,26.435379,0.3948667324777887
VOLCAN PATAMBAM,2,2,0,0,0,0,0,0.0,52.870758,31.1,0.0,26.435379,0.09871668311944717
CERRITO,1,1,0,0,0,0,0,0.0,52.870758,31.1,0.0,26.435379,0.04935834155972359
MAR AZOV,1,1,0,0,0,0,0,0.0,52.870758,31.1,0.0,26.435379,0.04935834155972359
FORMOSA,4,3,0,0,1,0,0,0.0,52.870758,31.1,0.0,26.435379,0.19743336623889435
LOPEZ COTILLA 2032,1,1,0,0,0,0,0,0.0,52.870758,31.1,0.0,26.435379,0.04935834155972359
RIO TEQUILA,1,1,0,0,0,0,0,0.0,52.870758,31.1,0.0,26.435379,0.04935834155972359
TIERRA DE FUEGO,3,1,0,0,2,0,0,0.0,52.870758,31.1,0.0,26.435379,0.14807502467917077
AVENIDA MARIANO OTERO,1,1,0,0,0,0,0,0.0,52.870758,31.1,0.0,26.435379,0.04935834155972359
ISLA GUAITECAS,1,1,0,0,0,0,0,0.0,52.870758,31.1,0.0,26.435379,0.04935834155972359
A-2,1,1,0,0,0,0,0,0.0,52.870758,31.1,0.0,26.435379,0.04935834155972359
FRANCISCO BORES,2,2,0,0,0,0,0,0.0,52.870758,31.1,0.0,26.435379,0.09871668311944717
POLIBIO,1,1,0,0,0,0,0,0.0,52.870758,31.1,0.0,26.435379,0.04935834155972359
RAFAEL OCHOA,2,2,0,0,0,0,0,0.0,52.870758,31.1,0.0,26.435379,0.09871668311944717
ESMERALDA 2472 INT. A,1,1,0,0,0,0,0,0.0,52.870758,31.1,0.0,26.435379,0.04935834155972359
RELOJ,1,1,0,0,0,0,0,0.0,52.870758,31.1,0.0,26.435379,0.04935834155972359
LEY,4,4,0,0,0,0,0,0.0,52.870758,31.1,0.0,26.435379,0.19743336623889435
SOL,3,3,0,0,0,0,0,0.0,52.870758,31.1,0.0,26.435379,0.14807502467917077
MARTIN CASILLAS,7,7,0,0,0,0,0,0.0,52.870758,31.1,0.0,26.435379,0.3455083909180652
MEXICALZINGO,1,1,0,0,0,0,0,0.0,52.870758,31.1,0.0,26.435379,0.04935834155972359
AV. LOPEZ MATEOS SUR 2077 INT Z,1,1,0,0,0,0,0,0.0,52.870758,31.1,0.0,26.435379,0.04935834155972359
LA VILLA 1996 INT. 2-A,1,1,0,0,0,0,0,0.0,52.870758,31.1,0.0,26.435379,0.04935834155972359
PRIVADA DEL PROGRESO,2,2,0,0,0,0,0,0.0,52.870758,31.1,0.0,26.435379,0.09871668311944717
LA SOLEDAD,2,2,0,0,0,0,0,0.0,52.870758,31.1,0.0,26.435379,0.09871668311944717
TUCIDIDES,6,6,0,0,0,0,0,0.0,52.870758,31.1,0.0,26.435379,0.29615004935834155
GUAYRA,2,1,0,0,1,0,0,0.0,52.870758,31.1,0.0,26.435379,0.09871668311944717
SALMON,1,1,0,0,0,0,0,0.0,52.870758,31.1,0.0,26.435379,0.04935834155972359
CAPUCHINAS 3022,1,1,0,0,0,0,0,0.0,52.870758,31.1,0.0,26.435379,0.04935834155972359
IGNACIO CHAVEZ,3,3,0,0,0,0,0,0.0,52.870758,31.1,0.0,26.435379,0.14807502467917077
LA PAZ 2530-Y,1,1,0,0,0,0,0,0.0,52.870758,31.1,0.0,26.435379,0.04935834155972359
COIMBRA,2,2,0,0,0,0,0,0.0,52.870758,31.1,0.0,26.435379,0.09871668311944717
RIO DE LA PLATA 2386,1,1,0,0,0,0,0,0.0,52.870758,31.1,0.0,26.435379,0.04935834155972359
LOS ALTOS,1,1,0,0,0,0,0,0.0,52.870758,31.1,0.0,26.435379,0.04935834155972359
CORDOBANES,1,1,0,0,0,0,0,0.0,52.870758,31.1,0.0,26.435379,0.04935834155972359
PIZARRA,1,1,0,0,0,0,0,0.0,52.870758,31.1,0.0,26.435379,0.04935834155972359
SAN FRANCISCO JAVIER,2,2,0,0,0,0,0,0.0,52.870758,31.1,0.0,26.435379,0.09871668311944717
QUECHOLLI,2,2,0,0,0,0,0,0.0,52.870758,31.1,0.0,26.435379,0.09871668311944717
FRAY DANIEL ITALIANO,1,1,0,0,0,0,0,0.0,52.870758,31.1,0.0,26.435379,0.04935834155972359
NUBE,1,1,0,0,0,0,0,0.0,52.870758,31.1,0.0,26.435379,0.04935834155972359
ISLAS VIRGENES,1,1,0,0,0,0,0,0.0,52.870758,31.1,0.0,26.435379,0.04935834155972359
"AV. PROVIDENCIA 2985-A, INT. 4",1,1,0,0,0,0,0,0.0,52.870758,31.1,0.0,26.435379,0.04935834155972359
AV. ADOLFO LOPEZ MATEOS SUR 117,1,1,0,0,0,0,0,0.0,52.870758,31.1,0.0,26.435379,0.04935834155972359
MIXCOATL,1,1,0,0,0,0,0,0.0,52.870758,31.1,0.0,26.435379,0.04935834155972359
JUAN DE MENA,3,3,0,0,0,0,0,0.0,52.870758,31.1,0.0,26.435379,0.14807502467917077
12 (LATERAL),2,2,0,0,0,0,0,0.0,52.870758,31.1,0.0,26.435379,0.09871668311944717
OLEO,1,1,0,0,0,0,0,0.0,52.870758,31.1,0.0,26.435379,0.04935834155972359
PAINAL,1,1,0,0,0,0,0,0.0,52.870758,31.1,0.0,26.435379,0.04935834155972359
RINCONADA AZALEA,1,1,0,0,0,0,0,0.0,52.870758,31.1,0.0,26.435379,0.04935834155972359
HACIENDA PLATANAR,2,2,0,0,0,0,0,0.0,52.870758,31.1,0.0,26.435379,0.09871668311944717
PARICUTIN,5,5,0,0,0,0,0,0.0,52.870758,31.1,0.0,26.435379,0.24679170779861795
GENERAL PRIM,1,1,0,0,0,0,0,0.0,52.870758,31.1,0.0,26.435379,0.04935834155972359
ESPATULA,10,7,0,0,1,2,0,0.0,52.870758,31.1,0.0,26.435379,0.4935834155972359
AV. ALEMANIA 1591,1,1,0,0,0,0,0,0.0,52.870758,31.1,0.0,26.435379,0.04935834155972359
M.AVILA CAMACHO,1,1,0,0,0,0,0,0.0,52.870758,31.1,0.0,26.435379,0.04935834155972359
NAUTLA,1,1,0,0,0,0,0,0.0,52.870758,31.1,0.0,26.435379,0.04935834155972359
MANAGUA,3,2,0,0,1,0,0,0.0,52.870758,31.1,0.0,26.435379,0.14807502467917077
NI&OS HEROES,1,1,0,0,0,0,0,0.0,52.870758,31.1,0.0,26.435379,0.04935834155972359
2 CANAS,1,1,0,0,0,0,0,0.0,52.870758,31.1,0.0,26.435379,0.04935834155972359
ANDADOR DE TALIA,1,1,0,0,0,0,0,0.0,52.870758,31.1,0.0,26.435379,0.04935834155972359
REGINA,2,2,0,0,0,0,0,0.0,52.870758,31.1,0.0,26.435379,0.09871668311944717
DANTE ALIGIHERI,1,1,0,0,0,0,0,0.0,52.870758,31.1,0.0,26.435379,0.04935834155972359
JOSE SOTERO CASTANEDA,1,1,0,0,0,0,0,0.0,52.870758,31.1,0.0,26.435379,0.04935834155972359
GERARDO ESTRADA,1,1,0,0,0,0,0,0.0,52.870758,31.1,0.0,26.435379,0.04935834155972359
TIZOC,1,1,0,0,0,0,0,0.0,52.870758,31.1,0.0,26.435379,0.04935834155972359
MANZANILLO,1,1,0,0,0,0,0,0.0,52.870758,31.1,0.0,26.435379,0.04935834155972359
GUSTAVO E. CAMPA,1,1,0,0,0,0,0,0.0,52.870758,31.1,0.0,26.435379,0.04935834155972359
CERRO DE COLI,1,1,0,0,0,0,0,0.0,52.870758,31.1,0.0,26.435379,0.04935834155972359
TOLVA,3,2,0,0,1,0,0,0.0,52.870758,31.1,0.0,26.435379,0.14807502467917077
RIO NAZAS,1,1,0,0,0,0,0,0.0,52.870758,31.1,0.0,26.435379,0.04935834155972359
JOSE MARIANO BERISTAIN DE SOUZA,1,1,0,0,0,0,0,0.0,52.870758,31.1,0.0,26.435379,0.04935834155972359
BECERRA Y TANCO,1,1,0,0,0,0,0,0.0,52.870758,31.1,0.0,26.435379,0.04935834155972359
COLUMBA RIVERA,3,3,0,0,0,0,0,0.0,52.870758,31.1,0.0,26.435379,0.14807502467917077
BARREIRO,1,1,0,0,0,0,0,0.0,52.870758,31.1,0.0,26.435379,0.04935834155972359
AMSTERDAM,6,6,0,0,0,0,0,0.0,52.870758,31.1,0.0,26.435379,0.29615004935834155
JUAN BERNARDINO,1,1,0,0,0,0,0,0.0,52.870758,31.1,0.0,26.435379,0.04935834155972359
SAN ANDRUS,1,1,0,0,0,0,0,0.0,52.870758,31.1,0.0,26.435379,0.04935834155972359
ALCAZAR,5,4,0,0,1,0,0,0.0,52.870758,31.1,0.0,26.435379,0.24679170779861795
FRAY NICOLAS DE ORNELAS,3,3,0,0,0,0,0,0.0,52.870758,31.1,0.0,26.435379,0.14807502467917077
CORAL,5,4,0,1,0,0,0,0.0,52.870758,31.1,0.0,26.435379,0.24679170779861795
CARLOS VILLASENOR,3,1,0,1,1,0,0,0.0,52.870758,31.1,0.0,26.435379,0.14807502467917077
FRANCISCO MONTES DE OCA,1,1,0,0,0,0,0,0.0,52.870758,31.1,0.0,26.435379,0.04935834155972359
RIVAS GUILLEN,1,1,0,0,0,0,0,0.0,52.870758,31.1,0.0,26.435379,0.04935834155972359
RIO DEL ROSARIO,1,1,0,0,0,0,0,0.0,52.870758,31.1,0.0,26.435379,0.04935834155972359
SEVILLA Y GOMEZ,1,1,0,0,0,0,0,0.0,52.870758,31.1,0.0,26.435379,0.04935834155972359
ANDRES MOLINA,2,1,0,0,1,0,0,0.0,52.870758,31.1,0.0,26.435379,0.09871668311944717
PEDRO RIVAS,3,3,0,0,0,0,0,0.0,52.870758,31.1,0.0,26.435379,0.14807502467917077
ANASTASIO BUSTAMANTE,3,2,0,1,0,0,0,0.0,52.870758,31.1,0.0,26.435379,0.14807502467917077
OCOSINGO,4,4,0,0,0,0,0,0.0,52.870758,31.1,0.0,26.435379,0.19743336623889435
CHALCO,3,2,0,0,0,1,0,0.0,52.870758,31.1,0.0,26.435379,0.14807502467917077
RAFAEL NAJERA,2,2,0,0,0,0,0,0.0,52.870758,31.1,0.0,26.435379,0.09871668311944717
CALLE DE LOS MAESTROS,3,2,0,0,1,0,0,0.0,52.870758,31.1,0.0,26.435379,0.14807502467917077
PIASTRA,3,3,0,0,0,0,0,0.0,52.870758,31.1,0.0,26.435379,0.14807502467917077
FRANCISCO SELES,1,1,0,0,0,0,0,0.0,52.870758,31.1,0.0,26.435379,0.04935834155972359
ROMULO VELASCO,4,3,0,0,1,0,0,0.0,52.870758,31.1,0.0,26.435379,0.19743336623889435
JOSE MARIA E. VALLE,2,2,0,0,0,0,0,0.0,52.870758,31.1,0.0,26.435379,0.09871668311944717
BACOCHIBAMPO,2,2,0,0,0,0,0,0.0,52.870758,31.1,0.0,26.435379,0.09871668311944717
MANUEL LOPEZ COTILLA,1,1,0,0,0,0,0,0.0,52.870758,31.1,0.0,26.435379,0.04935834155972359
PASEO PONIENTE,2,2,0,0,0,0,0,0.0,52.870758,31.1,0.0,26.435379,0.09871668311944717
RINCONADA DE AGUA,2,1,0,0,1,0,0,0.0,52.870758,31.1,0.0,26.435379,0.09871668311944717
PASEO DEL EDEN,1,1,0,0,0,0,0,0.0,52.870758,31.1,0.0,26.435379,0.04935834155972359
PROLONGACION AVENIDA JESUS,1,1,0,0,0,0,0,0.0,52.870758,31.1,0.0,26.435379,0.04935834155972359
CENTRO MEDICO,5,3,0,0,0,2,0,0.0,52.870758,31.1,0.0,26.435379,0.24679170779861795
A. GRECO,1,1,0,0,0,0,0,0.0,52.870758,31.1,0.0,26.435379,0.04935834155972359
VOLCAN COQUIMBO,1,1,0,0,0,0,0,0.0,52.870758,31.1,0.0,26.435379,0.04935834155972359
HILARION ROMERO GIL,3,3,0,0,0,0,0,0.0,52.870758,31.1,0.0,26.435379,0.14807502467917077
ENRIQUE SANCHEZ,2,2,0,0,0,0,0,0.0,52.870758,31.1,0.0,26.435379,0.09871668311944717
FARAONES,4,4,0,0,0,0,0,0.0,52.870758,31.1,0.0,26.435379,0.19743336623889435
REAL DE MINAS,3,3,0,0,0,0,0,0.0,52.870758,31.1,0.0,26.435379,0.14807502467917077
CUERVO,1,1,0,0,0,0,0,0.0,52.870758,31.1,0.0,26.435379,0.04935834155972359
RANCHO EL TRAPICHE,2,1,0,0,0,1,0,0.0,52.870758,31.1,0.0,26.435379,0.09871668311944717
MODENA,1,1,0,0,0,0,0,0.0,52.870758,31.1,0.0,26.435379,0.04935834155972359
HIPODAMO,1,1,0,0,0,0,0,0.0,52.870758,31.1,0.0,26.435379,0.04935834155972359
PASEO DEL VALLE,1,1,0,0,0,0,0,0.0,52.870758,31.1,0.0,26.435379,0.04935834155972359
SITIO DEL ALAMO,1,1,0,0,0,0,0,0.0,52.870758,31.1,0.0,26.435379,0.04935834155972359
CALLE DEL ESCAPE,2,2,0,0,0,0,0,0.0,52.870758,31.1,0.0,26.435379,0.09871668311944717
J. S. CASTANEDA,1,1,0,0,0,0,0,0.0,52.870758,31.1,0.0,26.435379,0.04935834155972359
PASEO ORIENTE,1,1,0,0,0,0,0,0.0,52.870758,31.1,0.0,26.435379,0.04935834155972359
MARIANO DE LA BARCENA,1,1,0,0,0,0,0,0.0,52.870758,31.1,0.0,26.435379,0.04935834155972359
JUAN PABLO,2,2,0,0,0,0,0,0.0,52.870758,31.1,0.0,26.435379,0.09871668311944717
ACEITUNA,3,1,0,0,2,0,0,0.0,52.870758,31.1,0.0,26.435379,0.14807502467917077
LAGO SUPERIOR,2,2,0,0,0,0,0,0.0,52.870758,31.1,0.0,26.435379,0.09871668311944717
CENTELLA,3,3,0,0,0,0,0,0.0,52.870758,31.1,0.0,26.435379,0.14807502467917077
PASEO DE LA CANADA,1,1,0,0,0,0,0,0.0,52.870758,31.1,0.0,26.435379,0.04935834155972359
RODOLFO ALVARADO,1,1,0,0,0,0,0,0.0,52.870758,31.1,0.0,26.435379,0.04935834155972359
VOLCAN JORULLO,1,1,0,0,0,0,0,0.0,52.870758,31.1,0.0,26.435379,0.04935834155972359
CALLE DE LOS DEPORTES,1,1,0,0,0,0,0,0.0,52.870758,31.1,0.0,26.435379,0.04935834155972359
MANUEL ROJAS,3,3,0,0,0,0,0,0.0,52.870758,31.1,0.0,26.435379,0.14807502467917077
JORGE VILLASENOR,4,4,0,0,0,0,0,0.0,52.870758,31.1,0.0,26.435379,0.19743336623889435
PLAZUELA VALLARTA,1,1,0,0,0,0,0,0.0,52.870758,31.1,0.0,26.435379,0.04935834155972359
LACANDONES,27,27,0,0,0,0,0,0.0,52.870758,31.1,0.0,26.435379,1.332675222112537
RIO OBI,1,1,0,0,0,0,0,0.0,52.870758,31.1,0.0,26.435379,0.04935834155972359
MISIONES,9,7,0,0,2,0,0,0.0,52.870758,31.1,0.0,26.435379,0.4442250740375123
J. R. BENITEZ,2,2,0,0,0,0,0,0.0,52.870758,31.1,0.0,26.435379,0.09871668311944717
LORENZO ZAVALA,1,1,0,0,0,0,0,0.0,52.870758,31.1,0.0,26.435379,0.04935834155972359
CALLE PRIVADA DE LAS ROSAS.,2,2,0,0,0,0,0,0.0,52.870758,31.1,0.0,26.435379,0.09871668311944717
J. BRUCE,4,4,0,0,0,0,0,0.0,52.870758,31.1,0.0,26.435379,0.19743336623889435
CONCEPCION JURADO,1,1,0,0,0,0,0,0.0,52.870758,31.1,0.0,26.435379,0.04935834155972359
DOMINGO L. DE ARREGUI,1,1,0,0,0,0,0,0.0,52.870758,31.1,0.0,26.435379,0.04935834155972359
ADOLFO LANCASTER JONES,1,1,0,0,0,0,0,0.0,52.870758,31.1,0.0,26.435379,0.04935834155972359
RIO EUFRATES,2,2,0,0,0,0,0,0.0,52.870758,31.1,0.0,26.435379,0.09871668311944717
LAMEGO,2,2,0,0,0,0,0,0.0,52.870758,31.1,0.0,26.435379,0.09871668311944717
RIO BOLANOS,4,4,0,0,0,0,0,0.0,52.870758,31.1,0.0,26.435379,0.19743336623889435
SAN DIMAS,1,1,0,0,0,0,0,0.0,52.870758,31.1,0.0,26.435379,0.04935834155972359
BENINGNO LOPEZ,1,1,0,0,0,0,0,0.0,52.870758,31.1,0.0,26.435379,0.04935834155972359
HECTOR PEREZ MARTINEZ,1,1,0,0,0,0,0,0.0,52.870758,31.1,0.0,26.435379,0.04935834155972359
MONTECASINO,2,2,0,0,0,0,0,0.0,52.870758,31.1,0.0,26.435379,0.09871668311944717
RIO CHACALA,1,1,0,0,0,0,0,0.0,52.870758,31.1,0.0,26.435379,0.04935834155972359
TERAN DE LOS RIOS,1,1,0,0,0,0,0,0.0,52.870758,31.1,0.0,26.435379,0.04935834155972359
GARILBALDI,1,1,0,0,0,0,0,0.0,52.870758,31.1,0.0,26.435379,0.04935834155972359
GONZALO FERNANDEZ DE OVIEDO,1,1,0,0,0,0,0,0.0,52.870758,31.1,0.0,26.435379,0.04935834155972359
MISIONEROS,1,1,0,0,0,0,0,0.0,52.870758,31.1,0.0,26.435379,0.04935834155972359
AV. TERRANOVA 556,1,1,0,0,0,0,0,0.0,52.870758,31.1,0.0,26.435379,0.04935834155972359
RAMON CASTANEDA,3,3,0,0,0,0,0,0.0,52.870758,31.1,0.0,26.435379,0.14807502467917077
LA MARISCAL PONIENTE,1,1,0,0,0,0,0,0.0,52.870758,31.1,0.0,26.435379,0.04935834155972359
TEZCACALCO,3,2,0,0,1,0,0,0.0,52.870758,31.1,0.0,26.435379,0.14807502467917077
VICTORIA 1705,1,1,0,0,0,0,0,0.0,52.870758,31.1,0.0,26.435379,0.04935834155972359
CALLE DEL MURAL,4,4,0,0,0,0,0,0.0,52.870758,31.1,0.0,26.435379,0.19743336623889435
CEIBA,1,1,0,0,0,0,0,0.0,52.870758,31.1,0.0,26.435379,0.04935834155972359
JUAN DE OVALLE,1,1,0,0,0,0,0,0.0,52.870758,31.1,0.0,26.435379,0.04935834155972359
M. CABRERA,1,1,0,0,0,0,0,0.0,52.870758,31.1,0.0,26.435379,0.04935834155972359
ROBERTO CANTU,1,1,0,0,0,0,0,0.0,52.870758,31.1,0.0,26.435379,0.04935834155972359
JOSE BENITEZ R,1,1,0,0,0,0,0,0.0,52.870758,31.1,0.0,26.435379,0.04935834155972359
ISLA ROCA PARTIDA,1,1,0,0,0,0,0,0.0,52.870758,31.1,0.0,26.435379,0.04935834155972359
MIGUEL SOLIS,3,3,0,0,0,0,0,0.0,52.870758,31.1,0.0,26.435379,0.14807502467917077
ADOLFO LPEZ MATEOS NORTE,1,1,0,0,0,0,0,0.0,52.870758,31.1,0.0,26.435379,0.04935834155972359
PLAN DE AYUTLA,2,1,0,0,1,0,0,0.0,52.870758,31.1,0.0,26.435379,0.09871668311944717
CONSTANCIO HERNANDEZ ALVIRDE,2,2,0,0,0,0,0,0.0,52.870758,31.1,0.0,26.435379,0.09871668311944717
JUAN DIAZ DE SOLIS,1,1,0,0,0,0,0,0.0,52.870758,31.1,0.0,26.435379,0.04935834155972359
LAGO PATZCUARO,1,1,0,0,0,0,0,0.0,52.870758,31.1,0.0,26.435379,0.04935834155972359
"TARASCOS 3469, INT. 311",1,1,0,0,0,0,0,0.0,52.870758,31.1,0.0,26.435379,0.04935834155972359
RELAMPAGO,1,1,0,0,0,0,0,0.0,52.870758,31.1,0.0,26.435379,0.04935834155972359
ISLA MARGARITA,3,3,0,0,0,0,0,0.0,52.870758,31.1,0.0,26.435379,0.14807502467917077
GUADALUPE FUENTES,1,1,0,0,0,0,0,0.0,52.870758,31.1,0.0,26.435379,0.04935834155972359
JUAN ESCUTIA,1,1,0,0,0,0,0,0.0,52.870758,31.1,0.0,26.435379,0.04935834155972359
BAJA CALIFORNIA,1,1,0,0,0,0,0,0.0,52.870758,31.1,0.0,26.435379,0.04935834155972359
CIRCUNVALACION DR. ATL,1,1,0,0,0,0,0,0.0,52.870758,31.1,0.0,26.435379,0.04935834155972359
JOSEMARIA ESCRIVA,1,1,0,0,0,0,0,0.0,52.870758,31.1,0.0,26.435379,0.04935834155972359
CURAZAO,1,1,0,0,0,0,0,0.0,52.870758,31.1,0.0,26.435379,0.04935834155972359
CORDILLERA BLANCA,4,3,0,0,1,0,0,0.0,52.870758,31.1,0.0,26.435379,0.19743336623889435
MURILLO,1,1,0,0,0,0,0,0.0,52.870758,31.1,0.0,26.435379,0.04935834155972359
RIO DE LA LAJA,1,1,0,0,0,0,0,0.0,52.870758,31.1,0.0,26.435379,0.04935834155972359
LA ACORDADA ORIENTE,1,1,0,0,0,0,0,0.0,52.870758,31.1,0.0,26.435379,0.04935834155972359
CALLE DE VERACRUZ,3,1,0,0,2,0,0,0.0,52.870758,31.1,0.0,26.435379,0.14807502467917077
CARLOS G. VILLASENOR,1,1,0,0,0,0,0,0.0,52.870758,31.1,0.0,26.435379,0.04935834155972359
HERNAN CORTES,1,1,0,0,0,0,0,0.0,52.870758,31.1,0.0,26.435379,0.04935834155972359
VOLCAN IRAZU,1,1,0,0,0,0,0,0.0,52.870758,31.1,0.0,26.435379,0.04935834155972359
RIO JUCHIPILA,3,2,0,0,1,0,0,0.0,52.870758,31.1,0.0,26.435379,0.14807502467917077
TEZONTLE,1,1,0,0,0,0,0,0.0,52.870758,31.1,0.0,26.435379,0.04935834155972359
RAMIRO VILLASENOR,1,1,0,0,0,0,0,0.0,52.870758,31.1,0.0,26.435379,0.04935834155972359
ROBERTO MONTENEGRO Y NERVO,1,1,0,0,0,0,0,0.0,52.870758,31.1,0.0,26.435379,0.04935834155972359
MIGUEL PRIETO,1,1,0,0,0,0,0,0.0,52.870758,31.1,0.0,26.435379,0.04935834155972359
APOLONIO AVALOS,3,1,0,0,2,0,0,0.0,52.870758,31.1,0.0,26.435379,0.14807502467917077
DEL TEPEYAC,1,1,0,0,0,0,0,0.0,52.870758,31.1,0.0,26.435379,0.04935834155972359
DIEGO FIGUEROA,2,1,0,0,1,0,0,0.0,52.870758,31.1,0.0,26.435379,0.09871668311944717
LOS VOLCANES,2,2,0,0,0,0,0,0.0,52.870758,31.1,0.0,26.435379,0.09871668311944717
JALISCO,3,0,0,0,2,1,0,0.0,52.870758,31.1,0.0,26.435379,0.14807502467917077
CEBORUCO,4,2,0,0,2,0,0,0.0,52.870758,31.1,0.0,26.435379,0.19743336623889435
CUARTA (TRINIDAD ARVIZU),4,2,0,0,2,0,0,0.0,52.870758,31.1,0.0,26.435379,0.19743336623889435
CONTANCIO HERNANDEZ ALVIRDE,3,1,0,0,1,1,0,0.0,52.870758,31.1,0.0,26.435379,0.14807502467917077
JUAN LOPEZ HIDALGO,1,0,0,0,1,0,0,0.0,52.870758,31.1,0.0,26.435379,0.04935834155972359
CAOBA,1,0,0,0,1,0,0,0.0,52.870758,31.1,0.0,26.435379,0.04935834155972359
PABLO MACEDO,2,1,0,0,1,0,0,0.0,52.870758,31.1,0.0,26.435379,0.09871668311944717
EMERSON,5,3,0,0,1,1,0,0.0,52.870758,31.1,0.0,26.435379,0.24679170779861795
IGNACIO RAMOS PRASLOW,4,4,0,0,0,0,0,0.0,52.870758,31.1,0.0,26.435379,0.19743336623889435
CARACUARO,1,1,0,0,0,0,0,0.0,52.870758,31.1,0.0,26.435379,0.04935834155972359
PERIQUILLO,1,1,0,0,0,0,0,0.0,52.870758,31.1,0.0,26.435379,0.04935834155972359
MANUEL DAVALOS ORNELAS,2,1,0,0,1,0,0,0.0,52.870758,31.1,0.0,26.435379,0.09871668311944717
VAPOR,1,0,0,0,1,0,0,0.0,52.870758,31.1,0.0,26.435379,0.04935834155972359
NUNEZ MORQUECHO,3,2,0,0,1,0,0,0.0,52.870758,31.1,0.0,26.435379,0.14807502467917077
IZAMAL,1,0,0,0,1,0,0,0.0,52.870758,31.1,0.0,26.435379,0.04935834155972359
RIO LINARES,1,0,0,0,1,0,0,0.0,52.870758,31.1,0.0,26.435379,0.04935834155972359
PEDRO A. GALVAN,2,0,0,0,2,0,0,0.0,52.870758,31.1,0.0,26.435379,0.09871668311944717
ATENOGENES SILVA,2,0,0,0,1,1,0,0.0,52.870758,31.1,0.0,26.435379,0.09871668311944717
FRANCISCO ROJAS,1,1,0,0,0,0,0,0.0,52.870758,31.1,0.0,26.435379,0.04935834155972359
OTILIO GONZALEZ,1,1,0,0,0,0,0,0.0,52.870758,31.1,0.0,26.435379,0.04935834155972359
ATOR,2,0,0,0,2,0,0,0.0,52.870758,31.1,0.0,26.435379,0.09871668311944717
ALICIA GROVER,3,1,0,0,2,0,0,0.0,52.870758,31.1,0.0,26.435379,0.14807502467917077
ARQUITECTO J. GUTIERREZ PEDROZA,2,2,0,0,0,0,0,0.0,52.870758,31.1,0.0,26.435379,0.09871668311944717
21,1,1,0,0,0,0,0,0.0,52.870758,31.1,0.0,26.435379,0.04935834155972359
A,2,0,0,0,2,0,0,0.0,52.870758,31.1,0.0,26.435379,0.09871668311944717
ACELGA,3,2,0,0,1,0,0,0.0,52.870758,31.1,0.0,26.435379,0.14807502467917077
JUAN ANTONIO MATEOS,1,0,0,0,1,0,0,0.0,52.870758,31.1,0.0,26.435379,0.04935834155972359
JOSE IGNACIO SOLORZANO,2,0,0,0,2,0,0,0.0,52.870758,31.1,0.0,26.435379,0.09871668311944717
MANUEL AVELEYRA,1,0,0,0,1,0,0,0.0,52.870758,31.1,0.0,26.435379,0.04935834155972359
ARQUITECTO P. CASTELLANOS,1,0,0,0,1,0,0,0.0,52.870758,31.1,0.0,26.435379,0.04935834155972359
2561,1,0,0,0,1,0,0,0.0,52.870758,31.1,0.0,26.435379,0.04935834155972359
TRINIDAD VILLAGOMEZ,8,8,0,0,0,0,0,0.0,52.870758,31.1,0.0,26.435379,0.3948667324777887
ADOLFO LOPEZ MATEOS SUR 830 CHAPALITA,1,1,0,0,0,0,0,0.0,52.870758,31.1,0.0,26.435379,0.04935834155972359
BERILIO,5,5,0,0,0,0,0,0.0,52.870758,31.1,0.0,26.435379,0.24679170779861795
VINA DEL MAR,1,1,0,0,0,0,0,0.0,52.870758,31.1,0.0,26.435379,0.04935834155972359
MARIANO MANZANO MENDEZ,3,3,0,0,0,0,0,0.0,52.870758,31.1,0.0,26.435379,0.14807502467917077
PITAYA,1,0,0,0,1,0,0,0.0,52.870758,31.1,0.0,26.435379,0.04935834155972359
COMBATE DE ALICA,1,0,0,0,0,1,0,0.0,52.870758,31.1,0.0,26.435379,0.04935834155972359
HAWAII,1,0,0,0,1,0,0,0.0,52.870758,31.1,0.0,26.435379,0.04935834155972359
EULALIO GUTIERREZ,1,0,0,0,1,0,0,0.0,52.870758,31.1,0.0,26.435379,0.04935834155972359
LAS PENITAS,2,0,0,0,2,0,0,0.0,52.870758,31.1,0.0,26.435379,0.09871668311944717
CAMPECHE,1,0,0,0,1,0,0,0.0,52.870758,31.1,0.0,26.435379,0.04935834155972359
RIO ELOTA,1,0,0,0,1,0,0,0.0,52.870758,31.1,0.0,26.435379,0.04935834155972359
HERIBERTO JARA,1,0,0,0,0,1,0,0.0,52.870758,31.1,0.0,26.435379,0.04935834155972359
CLEOTILDE CRESPO,1,0,0,0,1,0,0,0.0,52.870758,31.1,0.0,26.435379,0.04935834155972359
GOA,2,0,0,0,2,0,0,0.0,52.870758,31.1,0.0,26.435379,0.09871668311944717
IGNACIO ALLENDE,3,2,0,0,1,0,0,0.0,52.870758,31.1,0.0,26.435379,0.14807502467917077
RIO MADEIRA,1,0,0,0,1,0,0,0.0,52.870758,31.1,0.0,26.435379,0.04935834155972359
RIO MAYO,1,0,0,0,1,0,0,0.0,52.870758,31.1,0.0,26.435379,0.04935834155972359
PEDRO M. VELEZ,1,0,0,0,1,0,0,0.0,52.870758,31.1,0.0,26.435379,0.04935834155972359
HACIENDA SANTA INES,1,0,0,0,0,1,0,0.0,52.870758,31.1,0.0,26.435379,0.04935834155972359
TIKAL,1,0,0,0,1,0,0,0.0,52.870758,31.1,0.0,26.435379,0.04935834155972359
I,2,0,0,0,2,0,0,0.0,52.870758,31.1,0.0,26.435379,0.09871668311944717
VOLCAN ANTUCO,1,0,0,0,1,0,0,0.0,52.870758,31.1,0.0,26.435379,0.04935834155972359
TONELES,1,0,0,0,1,0,0,0.0,52.870758,31.1,0.0,26.435379,0.04935834155972359
ANTONIO SALANUEVA,2,1,0,0,1,0,0,0.0,52.870758,31.1,0.0,26.435379,0.09871668311944717
RIO DUERO,2,1,0,0,1,0,0,0.0,52.870758,31.1,0.0,26.435379,0.09871668311944717
"CENTRO COMERCIAL TERRAZA OBLATOS, AV. CIRCUNVALACION",1,0,0,0,0,1,0,0.0,52.870758,31.1,0.0,26.435379,0.04935834155972359
MANUEL ITUARTE,1,0,0,0,1,0,0,0.0,52.870758,31.1,0.0,26.435379,0.04935834155972359
VOLCAN ORIZABA,3,2,0,0,1,0,0,0.0,52.870758,31.1,0.0,26.435379,0.14807502467917077
AGUA MINERAL,3,1,0,0,2,0,0,0.0,52.870758,31.1,0.0,26.435379,0.14807502467917077
SIERRA HERMOSA,2,0,0,0,2,0,0,0.0,52.870758,31.1,0.0,26.435379,0.09871668311944717
CEREZOS,1,0,0,0,1,0,0,0.0,52.870758,31.1,0.0,26.435379,0.04935834155972359
ASTURIAS,1,0,0,0,1,0,0,0.0,52.870758,31.1,0.0,26.435379,0.04935834155972359
BADAJOZ,2,1,0,0,1,0,0,0.0,52.870758,31.1,0.0,26.435379,0.09871668311944717
D. MOLINA,1,0,0,0,1,0,0,0.0,52.870758,31.1,0.0,26.435379,0.04935834155972359
MATEO SALDANA,1,0,0,0,1,0,0,0.0,52.870758,31.1,0.0,26.435379,0.04935834155972359
J. SALOME PINA,2,0,0,0,2,0,0,0.0,52.870758,31.1,0.0,26.435379,0.09871668311944717
EPITACIO REYES,1,0,0,0,1,0,0,0.0,52.870758,31.1,0.0,26.435379,0.04935834155972359
MARGARITA MAZA DE JUAREZ,1,0,0,0,1,0,0,0.0,52.870758,31.1,0.0,26.435379,0.04935834155972359
COCUIXTLE,2,1,0,0,1,0,0,0.0,52.870758,31.1,0.0,26.435379,0.09871668311944717
24 (J. OTHON NUNEZ),3,3,0,0,0,0,0,0.0,52.870758,31.1,0.0,26.435379,0.14807502467917077
ARROYITO,1,0,0,0,1,0,0,0.0,52.870758,31.1,0.0,26.435379,0.04935834155972359
MONTES APENINOS,3,3,0,0,0,0,0,0.0,52.870758,31.1,0.0,26.435379,0.14807502467917077
ALAMO,2,2,0,0,0,0,0,0.0,52.870758,31.1,0.0,26.435379,0.09871668311944717
OVAR,1,0,0,0,1,0,0,0.0,52.870758,31.1,0.0,26.435379,0.04935834155972359
IGNACIO GONZALEZ ESPERON,1,0,0,0,1,0,0,0.0,52.870758,31.1,0.0,26.435379,0.04935834155972359
TORTOLA,2,1,0,0,1,0,0,0.0,52.870758,31.1,0.0,26.435379,0.09871668311944717
ENRIQUE REINAGA LABSCHER,1,1,0,0,0,0,0,0.0,52.870758,31.1,0.0,26.435379,0.04935834155972359
JAIME RUBIO M.,1,1,0,0,0,0,0,0.0,52.870758,31.1,0.0,26.435379,0.04935834155972359
ISLA IBIZA,1,0,0,0,1,0,0,0.0,52.870758,31.1,0.0,26.435379,0.04935834155972359
AURELIO RIVERA,1,0,0,0,1,0,0,0.0,52.870758,31.1,0.0,26.435379,0.04935834155972359
ARQUITECTO JOSE GUTIERREZ PEDROZA,2,1,0,0,1,0,0,0.0,52.870758,31.1,0.0,26.435379,0.09871668311944717
SILVANO PRATT,2,1,0,0,1,0,0,0.0,52.870758,31.1,0.0,26.435379,0.09871668311944717
ANDORRA,1,0,0,0,1,0,0,0.0,52.870758,31.1,0.0,26.435379,0.04935834155972359
STA CATARINA,2,2,0,0,0,0,0,0.0,52.870758,31.1,0.0,26.435379,0.09871668311944717
REGINA OLVERA,3,3,0,0,0,0,0,0.0,52.870758,31.1,0.0,26.435379,0.14807502467917077
LA CREACION,1,1,0,0,0,0,0,0.0,52.870758,31.1,0.0,26.435379,0.04935834155972359
RIO ATENGUILLO,1,1,0,0,0,0,0,0.0,52.870758,31.1,0.0,26.435379,0.04935834155972359
CUAUTLA,1,1,0,0,0,0,0,0.0,52.870758,31.1,0.0,26.435379,0.04935834155972359
BORNEO,1,1,0,0,0,0,0,0.0,52.870758,31.1,0.0,26.435379,0.04935834155972359
ISLA ZANTE,1,1,0,0,0,0,0,0.0,52.870758,31.1,0.0,26.435379,0.04935834155972359
HACIENDA TOTOLIMIXPA,4,4,0,0,0,0,0,0.0,52.870758,31.1,0.0,26.435379,0.19743336623889435
NAINARI,1,1,0,0,0,0,0,0.0,52.870758,31.1,0.0,26.435379,0.04935834155972359
FORTUNATO ARCE,3,3,0,0,0,0,0,0.0,52.870758,31.1,0.0,26.435379,0.14807502467917077
RELOJEROS,1,1,0,0,0,0,0,0.0,52.870758,31.1,0.0,26.435379,0.04935834155972359
BRAGA,1,1,0,0,0,0,0,0.0,52.870758,31.1,0.0,26.435379,0.04935834155972359
ISLA LANZAROTE,1,1,0,0,0,0,0,0.0,52.870758,31.1,0.0,26.435379,0.04935834155972359
PUERTO ESCONDIDO,1,1,0,0,0,0,0,0.0,52.870758,31.1,0.0,26.435379,0.04935834155972359
JOSUE,1,1,0,0,0,0,0,0.0,52.870758,31.1,0.0,26.435379,0.04935834155972359
PRIVADA SIN NOMBRE,1,1,0,0,0,0,0,0.0,52.870758,31.1,0.0,26.435379,0.04935834155972359
ISLA ALACRANES,1,1,0,0,0,0,0,0.0,52.870758,31.1,0.0,26.435379,0.04935834155972359
PUERTO TOPOLOBAMPO,1,1,0,0,0,0,0,0.0,52.870758,31.1,0.0,26.435379,0.04935834155972359
FRANCISCO MASCARENAS,1,1,0,0,0,0,0,0.0,52.870758,31.1,0.0,26.435379,0.04935834155972359
JAZMIN,2,2,0,0,0,0,0,0.0,52.870758,31.1,0.0,26.435379,0.09871668311944717
CALIXTO,1,1,0,0,0,0,0,0.0,52.870758,31.1,0.0,26.435379,0.04935834155972359
ISLA MADRE,1,1,0,0,0,0,0,0.0,52.870758,31.1,0.0,26.435379,0.04935834155972359
JOSE MA. AGUAYO,1,1,0,0,0,0,0,0.0,52.870758,31.1,0.0,26.435379,0.04935834155972359
RAFAEL ANDRETE,1,1,0,0,0,0,0,0.0,52.870758,31.1,0.0,26.435379,0.04935834155972359
ALFREDO ROBLES,1,1,0,0,0,0,0,0.0,52.870758,31.1,0.0,26.435379,0.04935834155972359
FRANCISCO DE RIVERA,3,3,0,0,0,0,0,0.0,52.870758,31.1,0.0,26.435379,0.14807502467917077
APACHES,1,1,0,0,0,0,0,0.0,52.870758,31.1,0.0,26.435379,0.04935834155972359
JESUS CARRILLO,1,1,0,0,0,0,0,0.0,52.870758,31.1,0.0,26.435379,0.04935834155972359
CENOBIO ENCISO,1,1,0,0,0,0,0,0.0,52.870758,31.1,0.0,26.435379,0.04935834155972359
MIXTECA,1,1,0,0,0,0,0,0.0,52.870758,31.1,0.0,26.435379,0.04935834155972359
FRAY FRANCISCO FEJES,1,1,0,0,0,0,0,0.0,52.870758,31.1,0.0,26.435379,0.04935834155972359
ISLA ALCATRAZ,1,1,0,0,0,0,0,0.0,52.870758,31.1,0.0,26.435379,0.04935834155972359
ACOLHUAS,1,1,0,0,0,0,0,0.0,52.870758,31.1,0.0,26.435379,0.04935834155972359
CALIOPE,1,1,0,0,0,0,0,0.0,52.870758,31.1,0.0,26.435379,0.04935834155972359
SAN DANIEL,2,2,0,0,0,0,0,0.0,52.870758,31.1,0.0,26.435379,0.09871668311944717
VOLCAN CHICHONAL,1,1,0,0,0,0,0,0.0,52.870758,31.1,0.0,26.435379,0.04935834155972359
PROVINCIA,1,1,0,0,0,0,0,0.0,52.870758,31.1,0.0,26.435379,0.04935834155972359
IGNACIO DAVILA GARIBI,2,2,0,0,0,0,0,0.0,52.870758,31.1,0.0,26.435379,0.09871668311944717
ISLA MADEIRA,2,2,0,0,0,0,0,0.0,52.870758,31.1,0.0,26.435379,0.09871668311944717
FAISAN,1,1,0,0,0,0,0,0.0,52.870758,31.1,0.0,26.435379,0.04935834155972359
MANUEL F. CHAVEZ,2,2,0,0,0,0,0,0.0,52.870758,31.1,0.0,26.435379,0.09871668311944717
J. NATIVIDAD MACIAS,1,1,0,0,0,0,0,0.0,52.870758,31.1,0.0,26.435379,0.04935834155972359
LENADEROS,2,2,0,0,0,0,0,0.0,52.870758,31.1,0.0,26.435379,0.09871668311944717
RADIUM,1,1,0,0,0,0,0,0.0,52.870758,31.1,0.0,26.435379,0.04935834155972359
FRANCISCO QUINTERO,1,1,0,0,0,0,0,0.0,52.870758,31.1,0.0,26.435379,0.04935834155972359
HACIENDA ARANDINO,2,2,0,0,0,0,0,0.0,52.870758,31.1,0.0,26.435379,0.09871668311944717
JULIO CASTELLANOS,1,1,0,0,0,0,0,0.0,52.870758,31.1,0.0,26.435379,0.04935834155972359
ISLA CLARION,1,1,0,0,0,0,0,0.0,52.870758,31.1,0.0,26.435379,0.04935834155972359
JARDIN DE LOS CISNES,1,1,0,0,0,0,0,0.0,52.870758,31.1,0.0,26.435379,0.04935834155972359
PESETA,1,1,0,0,0,0,0,0.0,52.870758,31.1,0.0,26.435379,0.04935834155972359
JESUS ROMERO FLORES,2,2,0,0,0,0,0,0.0,52.870758,31.1,0.0,26.435379,0.09871668311944717
K-1,1,1,0,0,0,0,0,0.0,52.870758,31.1,0.0,26.435379,0.04935834155972359
1-LEONOR PINTADO,1,1,0,0,0,0,0,0.0,52.870758,31.1,0.0,26.435379,0.04935834155972359
PEDRO A. FERNANDEZ,1,1,0,0,0,0,0,0.0,52.870758,31.1,0.0,26.435379,0.04935834155972359
HACIENDA DE AVALOS,1,1,0,0,0,0,0,0.0,52.870758,31.1,0.0,26.435379,0.04935834155972359
16A,1,1,0,0,0,0,0,0.0,52.870758,31.1,0.0,26.435379,0.04935834155972359
ANGEL ANGUIANO,1,1,0,0,0,0,0,0.0,52.870758,31.1,0.0,26.435379,0.04935834155972359
A. SANCHEZ,1,1,0,0,0,0,0,0.0,52.870758,31.1,0.0,26.435379,0.04935834155972359
FRANCISCA GARCIA,1,1,0,0,0,0,0,0.0,52.870758,31.1,0.0,26.435379,0.04935834155972359
ARQUITECTO LUIS E. RUIZ,1,1,0,0,0,0,0,0.0,52.870758,31.1,0.0,26.435379,0.04935834155972359
ARQUITECTO ANTONIO RIVAS DEL MERCADO,1,1,0,0,0,0,0,0.0,52.870758,31.1,0.0,26.435379,0.04935834155972359
VALLECAS,2,2,0,0,0,0,0,0.0,52.870758,31.1,0.0,26.435379,0.09871668311944717
NICOLAS ENRIQUEZ,1,1,0,0,0,0,0,0.0,52.870758,31.1,0.0,26.435379,0.04935834155972359
MANUEL GUTIERREZ NAJERA,1,1,0,0,0,0,0,0.0,52.870758,31.1,0.0,26.435379,0.04935834155972359
RAFAEL ARROYO DE ANDA,1,1,0,0,0,0,0,0.0,52.870758,31.1,0.0,26.435379,0.04935834155972359
FRAY ANTONIO DE MARCHENA,1,1,0,0,0,0,0,0.0,52.870758,31.1,0.0,26.435379,0.04935834155972359
CARLOS R. AREVALO,1,1,0,0,0,0,0,0.0,52.870758,31.1,0.0,26.435379,0.04935834155972359
LAURO BADILLO,1,1,0,0,0,0,0,0.0,52.870758,31.1,0.0,26.435379,0.04935834155972359
PASEO DE LA NORIA,1,1,0,0,0,0,0,0.0,52.870758,31.1,0.0,26.435379,0.04935834155972359
BEIRA,2,2,0,0,0,0,0,0.0,52.870758,31.1,0.0,26.435379,0.09871668311944717
PABLO CEZANNE,2,2,0,0,0,0,0,0.0,52.870758,31.1,0.0,26.435379,0.09871668311944717
SAN GUILLERMO,1,1,0,0,0,0,0,0.0,52.870758,31.1,0.0,26.435379,0.04935834155972359
MADRONO,1,1,0,0,0,0,0,0.0,52.870758,31.1,0.0,26.435379,0.04935834155972359
MONTE ATHOS,1,1,0,0,0,0,0,0.0,52.870758,31.1,0.0,26.435379,0.04935834155972359
PARRA,1,1,0,0,0,0,0,0.0,52.870758,31.1,0.0,26.435379,0.04935834155972359
ALONSO OJEDA,1,1,0,0,0,0,0,0.0,52.870758,31.1,0.0,26.435379,0.04935834155972359
PUERTO ALEGRE,1,1,0,0,0,0,0,0.0,52.870758,31.1,0.0,26.435379,0.04935834155972359
SANTUARIO,1,1,0,0,0,0,0,0.0,52.870758,31.1,0.0,26.435379,0.04935834155972359
HILARIO ROMERO GIL,1,1,0,0,0,0,0,0.0,52.870758,31.1,0.0,26.435379,0.04935834155972359
BATALLA DE IZUCAR,1,1,0,0,0,0,0,0.0,52.870758,31.1,0.0,26.435379,0.04935834155972359
CARMEN,1,1,0,0,0,0,0,0.0,52.870758,31.1,0.0,26.435379,0.04935834155972359
PRIVADA DEL TUNEL,1,1,0,0,0,0,0,0.0,52.870758,31.1,0.0,26.435379,0.04935834155972359
CHICHIMECAS,1,1,0,0,0,0,0,0.0,52.870758,31.1,0.0,26.435379,0.04935834155972359
RANCHO LA AUDENCIA,1,1,0,0,0,0,0,0.0,52.870758,31.1,0.0,26.435379,0.04935834155972359
JENOFONTE,2,2,0,0,0,0,0,0.0,52.870758,31.1,0.0,26.435379,0.09871668311944717
ANTONIO GARCIA,1,1,0,0,0,0,0,0.0,52.870758,31.1,0.0,26.435379,0.04935834155972359
ARQUITECTO JUAN LEGORRETA,2,2,0,0,0,0,0,0.0,52.870758,31.1,0.0,26.435379,0.09871668311944717
ACANTILADO,1,1,0,0,0,0,0,0.0,52.870758,31.1,0.0,26.435379,0.04935834155972359
ESFINGE,2,2,0,0,0,0,0,0.0,52.870758,31.1,0.0,26.435379,0.09871668311944717
HULE,1,1,0,0,0,0,0,0.0,52.870758,31.1,0.0,26.435379,0.04935834155972359
GEOGRAFOS,1,1,0,0,0,0,0,0.0,52.870758,31.1,0.0,26.435379,0.04935834155972359
BRUNO MARTINEZ,2,2,0,0,0,0,0,0.0,52.870758,31.1,0.0,26.435379,0.09871668311944717
ROSENDO SALAZAR,1,1,0,0,0,0,0,0.0,52.870758,31.1,0.0,26.435379,0.04935834155972359
M. PABELLON,1,1,0,0,0,0,0,0.0,52.870758,31.1,0.0,26.435379,0.04935834155972359
BLAS BALCARCE,1,1,0,0,0,0,0,0.0,52.870758,31.1,0.0,26.435379,0.04935834155972359
MIGUEL CASTULO DE ALATRISTE,1,1,0,0,0,0,0,0.0,52.870758,31.1,0.0,26.435379,0.04935834155972359
JOAQUIN ALCALDE,1,1,0,0,0,0,0,0.0,52.870758,31.1,0.0,26.435379,0.04935834155972359
ARQUITECTO MAURICIO CAMPOS,1,1,0,0,0,0,0,0.0,52.870758,31.1,0.0,26.435379,0.04935834155972359
MARCO,1,1,0,0,0,0,0,0.0,52.870758,31.1,0.0,26.435379,0.04935834155972359
ZENAIDO MICHEL,1,1,0,0,0,0,0,0.0,52.870758,31.1,0.0,26.435379,0.04935834155972359
SALVADOR QUINONES,1,1,0,0,0,0,0,0.0,52.870758,31.1,0.0,26.435379,0.04935834155972359
TRUENO PONCITLAN JALISCO,1,1,0,0,0,0,0,0.0,52.870758,31.1,0.0,26.435379,0.04935834155972359
FRANCISCO JAVIER CLAVIJERO,1,1,0,0,0,0,0,0.0,52.870758,31.1,0.0,26.435379,0.04935834155972359
COBALTO,1,1,0,0,0,0,0,0.0,52.870758,31.1,0.0,26.435379,0.04935834155972359
PEDRO CASTERA,1,1,0,0,0,0,0,0.0,52.870758,31.1,0.0,26.435379,0.04935834155972359
RIO MIXTLAN,1,1,0,0,0,0,0,0.0,52.870758,31.1,0.0,26.435379,0.04935834155972359
OBREGON,1,1,0,0,0,0,0,0.0,52.870758,31.1,0.0,26.435379,0.04935834155972359
19,1,1,0,0,0,0,0,0.0,52.870758,31.1,0.0,26.435379,0.04935834155972359
JUAN DE DIOS PEZA,1,1,0,0,0,0,0,0.0,52.870758,31.1,0.0,26.435379,0.04935834155972359
ISLA TERRANOVA,1,1,0,0,0,0,0,0.0,52.870758,31.1,0.0,26.435379,0.04935834155972359
BOLITARIO,1,1,0,0,0,0,0,0.0,52.870758,31.1,0.0,26.435379,0.04935834155972359
CLOTO,1,1,0,0,0,0,0,0.0,52.870758,31.1,0.0,26.435379,0.04935834155972359
ZAMORA,1,1,0,0,0,0,0,0.0,52.870758,31.1,0.0,26.435379,0.04935834155972359
P. ROMERO,1,1,0,0,0,0,0,0.0,52.870758,31.1,0.0,26.435379,0.04935834155972359
MIGUEL RIVERO,2,2,0,0,0,0,0,0.0,52.870758,31.1,0.0,26.435379,0.09871668311944717
TRES VIRGENES,1,1,0,0,0,0,0,0.0,52.870758,31.1,0.0,26.435379,0.04935834155972359
IGNACIO R. ALATORRE,1,1,0,0,0,0,0,0.0,52.870758,31.1,0.0,26.435379,0.04935834155972359
AGUSTIN LOPEZ ARCINIEGA,1,1,0,0,0,0,0,0.0,52.870758,31.1,0.0,26.435379,0.04935834155972359
JESUS RUIZ,1,1,0,0,0,0,0,0.0,52.870758,31.1,0.0,26.435379,0.04935834155972359
PASEO DE PARQUE,1,1,0,0,0,0,0,0.0,52.870758,31.1,0.0,26.435379,0.04935834155972359
SAN DEMETRIO,1,1,0,0,0,0,0,0.0,52.870758,31.1,0.0,26.435379,0.04935834155972359
IGNACIA ENCARNACION,1,1,0,0,0,0,0,0.0,52.870758,31.1,0.0,26.435379,0.04935834155972359
MORO,1,1,0,0,0,0,0,0.0,52.870758,31.1,0.0,26.435379,0.04935834155972359
SEBASTIAN CONEJO,1,1,0,0,0,0,0,0.0,52.870758,31.1,0.0,26.435379,0.04935834155972359
RANCHO EL RECODO,1,1,0,0,0,0,0,0.0,52.870758,31.1,0.0,26.435379,0.04935834155972359
SIGUENZA Y GONGORA,1,1,0,0,0,0,0,0.0,52.870758,31.1,0.0,26.435379,0.04935834155972359
MANUEL BRAMBILA,1,1,0,0,0,0,0,0.0,52.870758,31.1,0.0,26.435379,0.04935834155972359
JOSE ALFREDO JIMENEZ,1,1,0,0,0,0,0,0.0,52.870758,31.1,0.0,26.435379,0.04935834155972359
PRIVADA GORRION,1,1,0,0,0,0,0,0.0,52.870758,31.1,0.0,26.435379,0.04935834155972359
FELIPE VILLANUEVA,1,1,0,0,0,0,0,0.0,52.870758,31.1,0.0,26.435379,0.04935834155972359
VOLCAN LASKAR,1,1,0,0,0,0,0,0.0,52.870758,31.1,0.0,26.435379,0.04935834155972359
PUERTO ARISTA,1,1,0,0,0,0,0,0.0,52.870758,31.1,0.0,26.435379,0.04935834155972359
JUAN CALERO,1,1,0,0,0,0,0,0.0,52.870758,31.1,0.0,26.435379,0.04935834155972359
R. ROMERO,1,1,0,0,0,0,0,0.0,52.870758,31.1,0.0,26.435379,0.04935834155972359
FRANCISCO PAZ,1,1,0,0,0,0,0,0.0,52.870758,31.1,0.0,26.435379,0.04935834155972359
MARIANO BOTELLO,1,1,0,0,0,0,0,0.0,52.870758,31.1,0.0,26.435379,0.04935834155972359
VOLCAN PACAYA,1,1,0,0,0,0,0,0.0,52.870758,31.1,0.0,26.435379,0.04935834155972359
AZABACHE,1,1,0,0,0,0,0,0.0,52.870758,31.1,0.0,26.435379,0.04935834155972359
CINTRA,1,1,0,0,0,0,0,0.0,52.870758,31.1,0.0,26.435379,0.04935834155972359
SAN HERIBERTO,1,1,0,0,0,0,0,0.0,52.870758,31.1,0.0,26.435379,0.04935834155972359
MIGUEL MALO ZOZAYA,1,1,0,0,0,0,0,0.0,52.870758,31.1,0.0,26.435379,0.04935834155972359
PROPERIDAD,1,1,0,0,0,0,0,0.0,52.870758,31.1,0.0,26.435379,0.04935834155972359
PLATA,1,1,0,0,0,0,0,0.0,52.870758,31.1,0.0,26.435379,0.04935834155972359
TOMAS DOZAL,1,1,0,0,0,0,0,0.0,52.870758,31.1,0.0,26.435379,0.04935834155972359
CALLE DE LA PRESA,1,1,0,0,0,0,0,0.0,52.870758,31.1,0.0,26.435379,0.04935834155972359
FERNANDO LIZARDI,1,1,0,0,0,0,0,0.0,52.870758,31.1,0.0,26.435379,0.04935834155972359
ISLA TELAS,1,1,0,0,0,0,0,0.0,52.870758,31.1,0.0,26.435379,0.04935834155972359
PASEO DE LOS JUGUETEROS,8,8,0,0,0,0,0,0.0,52.870758,31.1,0.0,26.435379,0.3948667324777887
CELEDONIO PADILLA,2,2,0,0,0,0,0,0.0,52.870758,31.1,0.0,26.435379,0.09871668311944717
MESINA,1,1,0,0,0,0,0,0.0,52.870758,31.1,0.0,26.435379,0.04935834155972359
